,x0,x1,x2,x3,x4,x5,x6,x7,x8,x9,x10,x11,x12,x13,x14,x15,x16,x17,x18,x19,Target,Hypothesis
0,-2.3485571789622086,-1.570832519010895,-1.729205419600641,-1.4639936002405287,-2.43323845425476,-1.241086735710959,-1.4136113065697296,-2.780569660491249,-1.7163447051745186,-1.8737133617405144,-1.426397077016126,-1.4839745757289078,-1.7014755725129624,-1.4597105598894908,-2.8264883130571743,-2.548866566011502,-2.4541251300910716,-1.6125739498326472,-2.8978794609038214,-2.860114601924381,-99.08765908595653,Weak
1,-1.4855717896220852,6.291674809891052,4.707945803993592,7.360063997594715,-2.3323845425475964,9.589132642890412,7.863886934302705,-5.805696604912491,4.836552948254816,3.262866382594858,7.736029229838742,7.1602542427109235,4.985244274870377,7.402894401105094,-6.264883130571739,-3.4886656601150197,-2.541251300910714,5.874260501673529,-6.9787946090382125,-6.601146019243805,-251.1374376968711,Global
2,-8.376618141003087,-3.8964931666041274,5.665796036377484,-6.741876360421067,-8.587174082293473,4.02142345783076,-6.380402417992621,1.9783450075751716,-1.6947270160920969,0.271444981265363,-5.586876541076755,4.511460152702586,6.988698966190459,8.57785656027228,4.718800791314257,-0.4682551851936019,-0.14214053480846367,1.8904054353637374,-8.479260692566177,-7.6504616130894565,-186.23748368111725,Global
3,9.329313320481369,1.6664458086607539,-8.151561722444034,-9.727409967379934,6.738602169357691,8.295757987906391,4.091725214072557,-2.2598680461165888,4.113878099456141,8.466223130851155,-4.236942109037569,3.680396915417493,0.40584999539798616,7.547315504971156,8.477786221863603,-0.21539686938499436,1.9242792552833095,-4.714491684312268,9.834217937261023,-5.792040732231043,-245.1961122291415,Global
4,1.6674016288928222,2.9779990223421304,8.21942420382518,-7.566841395095311,3.516426595319622,5.0950281101484975,8.21070739712049,-5.166241401124376,9.511910655088567,-3.925406396443374,8.012005994377592,-7.906798560121995,3.4623969241731913,7.39085714363657,1.2205516935227259,-0.6476309998057808,-9.698241569622319,-2.1357208768776896,-5.793448595943518,-5.809642346053936,-231.399757436821,Global
5,-1.7832260700717635,-3.1735540249195457,-2.5311669208388015,-2.203340004490389,-1.7165151777808425,-2.573872174158092,-2.991805091055615,-1.5494869264450468,-3.180354675681331,-1.4537377350977463,-2.9870049217039663,-2.9485980909028298,-2.8675422713162075,-2.9033139810473134,-1.6104418965077363,-1.5780372710750938,-2.861064026865821,-2.974964758666754,-2.0550387398290457,-1.8005860852866635,-125.98191524950826,Weak
6,-2.324688668469336,-1.3615550150151674,-1.9986084431523603,-2.239474705814418,-2.683074852221638,-2.026410198774161,-1.7705927763826477,-2.932193544960038,-2.0100740108806265,-3.061848162941593,-1.5097662874610076,-1.6444753784858857,-1.582406197277918,-1.3946177720287392,-2.699281737321009,-1.6669228365988997,-2.6547713388005745,-1.4611343732893798,-1.9143544697107862,-3.185363808641828,-107.76247208166807,Weak
7,-2.3612588313531573,-1.5083536565779412,-1.7336900174268786,-1.5184969763956482,-2.4761088108533458,-1.2807988567553783,-1.4058880690203717,-2.827689586946548,-1.7056045503715183,-1.998376213722851,-1.3929948139172563,-1.4604894369353574,-1.6591898672929057,-1.4152241524021993,-2.846563677331487,-2.490325908925043,-2.462509026642171,-1.561989060574273,-2.8262397933128676,-2.9192769435527093,-98.92358792907257,Weak
8,-2.3766521213889646,-1.4816818352408112,-1.6973946380037142,-1.4526657257759708,-2.4784768019652192,-1.2000000000000002,-1.345070629042134,-2.848751346563204,-1.6514597464730267,-1.9357833778106832,-1.3494215432328662,-1.4145414952846096,-1.6377590064801435,-1.3836156840778928,-2.884381556387777,-2.568436175330599,-2.4401525085928992,-1.537693654673106,-2.9074261162218176,-2.925440445974887,-96.03047539646008,Weak
9,-1.5511488133956715,-1.8758335634415382,-1.2747620851311219,-1.3264783669003513,-2.4534162255626724,-1.6335535069665865,-1.724449434036203,-2.6841765048924815,-1.6452282975991819,-1.5570486890607875,-1.2882446529977332,-1.7141530324679557,-2.9584090948600306,-1.386908122875673,-2.7821745298438882,-2.4730634619076,-1.8780237048647597,-1.3372354436986813,-2.0533991992091796,-3.0802089032178213,-93.38931146051614,Weak
10,-2.5935202415267917,-3.007576195716376,-2.2694095855549943,-1.5955052722382734,-2.7374264702455626,-1.5001954612836483,-1.8653968594386598,-2.5934543502256986,-1.4032091350290283,-2.373798732617235,-1.4847143293803746,-1.9508157860363238,-2.2204316052822812,-1.4971286979494471,-1.8072728418002983,-2.588877917707651,-2.0034842522529432,-1.242793306793658,-2.520556040529727,-2.4557600549561514,-111.81778873908026,Weak
11,-1.6820811183672368,-2.0949762486703594,-1.5714980736933502,-1.3577097354204157,-1.4226935553818827,-2.10787247823229,-1.231597970471945,-2.7880097059731725,-1.4931322402032015,-2.362932282931581,-2.2705204438448057,-1.561088906132922,-2.553767811120646,-1.3691387293646442,-2.9114039583825275,-3.0331772327572724,-2.454519309681407,-2.591023603568291,-2.763831158329894,-2.220051001673268,-110.92146969630369,Weak
12,-1.3915447706949693,-2.9393880868586324,-1.532243942537351,-1.6088613841681196,-2.2563737404275113,-1.5571089820161388,-1.8753368104236106,-2.1892182887015714,-2.3160774679379723,-1.5594767827318872,-2.073872229171036,-2.9716275200575892,-2.2323627951742617,-1.3279215670482187,-2.5640318676288496,-2.6065089438784534,-1.6483423083822217,-1.2993251164034803,-1.2076699342648949,-3.111585623374597,-101.38493279355168,Weak
13,-1.2204238704789034,-0.7866503265242066,1.0494290998637297,-7.715644459269737,-6.203724560699031,-0.9529993664386822,-8.371217458664681,-3.254788555050898,0.7574747350697546,2.926480589882349,-0.12670503183522897,-5.121715079684039,-5.5044429369177195,5.438211427155045,-5.279021577721341,-3.2958405949622893,-6.91148950985294,-4.464881306643127,-0.25066302383297057,-5.536791822942034,-173.76284456901925,Global
14,-2.1386530467193627,-1.4881818757350531,-1.3642055593976878,-1.1694225208999496,-2.507441741531029,-1.030803251446203,-1.1253097573989195,-2.9685803988919073,-1.352874957226104,-1.7545841426954447,-1.122254986445306,-1.3360514591870585,-1.898526950383126,-1.0884936884639973,-3.078353294784232,-2.8970100480852743,-2.090354933739958,-1.2542880970706383,-2.805192588751008,-3.1110311578193515,-83.65345655853102,Global
15,-2.0429240980067815,-1.5316888691113513,-1.2781744260078034,-1.1185575628312636,-2.5046034621567737,-1.0096229477602057,-1.0899316501290008,-2.9754622951779908,-1.3162974547691062,-1.7120042375618796,-1.1007748836716476,-1.379841489763841,-1.965514650116535,-1.0111573859205478,-3.122491106853906,-2.9677432423235457,-1.9836440356753757,-1.1785904729988932,-2.703592017758031,-3.172087879755119,-81.38391407235838,Global
16,-1.6599742924659555,-2.8889805033749827,0.5017711415985904,-5.907948769160178,1.1678087537158284,-4.551790207611113,1.7001515966056608,-5.180085442481468,-2.316445652926909,8.067307605268642,-0.38783677478344103,-3.695142367583781,-4.364062768962347,-5.719731185654182,-0.5498990284482694,-9.884242298098462,4.626451917741905,-3.0430846367642816,1.5409895723558709,-0.38229503223023364,-191.80911896854212,Global
17,-5.903981842835229,-0.40451435805095315,1.416027785430769,0.11114488057938132,-6.2625144737257665,-9.195821046751579,-7.885012812121193,-4.554844564373601,-1.6852919029663482,0.324644549084919,-5.260522454312467,-4.836248371272303,1.465305483214367,-5.548496717366054,-7.829361477953993,-1.312218034964964,3.0479352164967306,2.105421995970252,-4.804751282131856,-1.2014630042517638,-181.53765685470347,Global
18,-1.8416430562030683,-1.7049796989058807,-1.150310885703448,-1.0735803222748905,-2.4707571687217356,-0.9874042766855964,-1.0528588863584563,-2.9335348861706017,-1.3407919033754503,-1.6472701381327903,-1.1572218966401113,-1.5948918639892806,-2.014028105448109,-0.8744433406410992,-3.185507169696201,-3.0850182682233895,-1.781196167423038,-1.0539984083760667,-2.4126334303360104,-3.289299526607362,-78.84039914740015,Global
19,-3.540963421837075,0.27812774058083534,0.5220816608930683,-3.597248253368446,1.9603570233219703,-7.2812829078919865,1.6921546525751534,-7.059095752715498,-6.2113102191121,0.7559331839917114,-5.891395586383748,-7.322109330010285,-2.599581022613238,1.540182410841835,-5.311700199948417,-3.673700437398102,5.916876541673478,-0.7443024161673399,-1.1227662878429392,0.05514745259778664,-204.29431353752105,Global
20,-1.813934252824504,-1.7222706502026466,-1.1464850271800446,-1.0632355157696864,-2.4817038716052893,-0.9492214412589538,-1.0568715031313984,-2.906392507767507,-1.3447871272394862,-1.642344826872252,-1.1558235362366565,-1.6078812017461714,-1.976571948239932,-0.8788690105699137,-3.19705656808673,-3.0955519231201043,-1.8158542374583237,-1.0535757175059124,-2.3846984632864325,-3.328417238066088,-78.69517589753168,Global
21,-5.41691074967952,-4.408148017184319,-0.3840926708291743,1.3004897032618103,6.004426778750677,-8.131925316886083,1.915961052905697,-5.81728599835432,1.395012830696123,-5.494872292825654,-4.7200399567769775,1.0921747644546276,-3.0880970146172215,-0.4839085913236687,-4.025991077646866,-5.459355272716193,-2.0505467161020574,-8.352773315417972,3.5051998564388125,-6.813413020645893,-143.65866904753486,Global
22,-1.818171495915318,-1.7047572546706014,-1.1536202547287644,-1.0834487113797262,-2.497138598929785,-0.8989013605397655,-1.060132060340644,-2.8702835395680433,-1.3677066362087669,-1.6121617518434879,-1.1396809288029086,-1.57610590082322,-1.9775429948896623,-0.9010667045756185,-3.2086404964213933,-3.081310011471917,-1.8362846361318446,-1.0480858780651952,-2.341482609414465,-3.349352213109306,-78.44067199747023,Global
23,-1.3109987371866243,-2.0303536502177195,-1.8499211009771628,-1.0421506074940208,-2.4848987183966598,-6.035656999261059,-5.165849454580556,-4.005526453254946,-2.674436474513495,-0.2975463601201369,-3.7448711629340288,-1.8117917410088697,-2.275616488383787,8.687560728211437,-5.785383573844922,4.148714019739499,-4.134541623008728,-4.366478866752721,-3.7050179812080986,-8.53415089389252,-161.22595931507195,Global
24,-3.0459905026477525,-2.812700745533057,-0.6512636228716868,-2.9988976135569807,-3.0318528577302857,-5.366535945219177,-1.303858629078686,2.3596357991767665,-2.542372791333354,-4.862405518058479,1.4464094754752228,-0.9865136230959575,-2.0056719068375113,-1.836104588274969,1.5310152430613364,-3.679240253371967,1.6014854439987687,0.9482134650894114,-9.94380811146783,7.1008025121204845,-163.99810278083146,Global
25,-5.997144239793477,-8.25482099657247,-2.506614370227867,3.762252339951095,-8.275423885554513,-1.6421474389605066,-2.209409652658623,-2.9508451885527336,-0.03180020063278555,1.106914340025046,-8.453377006556517,-9.430248677216731,-6.877961316634891,-2.819208693890312,-0.3321227463665828,0.7789443176362454,-2.8276303745856124,-4.663834734846719,-1.5961484617551864,0.8377655111242905,-186.12272465317798,Global
26,2.026907770746176,-3.886168004529069,6.489956530026195,-1.9877834127590503,-6.943042976182059,3.70138665902061,1.4728265721013845,-5.271335858687012,-1.347147224129401,3.2326112312497344,1.2982823039587785,-1.1160385691551795,4.376847147141323,2.2531477253617247,-1.4898482529913881,0.5262210483436505,-5.799712928121794,0.29937596488707996,-2.398875705508237,-0.4388369097243974,-120.30112559143375,Global
27,3.1016625329635072,-0.21990932897470294,6.622154780601075,-4.076209390881846,-3.978385425779387,5.018622220594921,-3.346528638358544,-3.1823056668954948,-1.0358103646122423,1.670118941621837,-4.698278849727664,-4.1777957248126825,-6.053860414170183,-0.6682287908599189,-2.743846917805328,0.953684571341789,3.326469522820261,-1.5600779685834905,2.940474279709713,-2.6902367066309356,-97.40354402863919,Global
28,-3.2959156122494804,-6.192523448765462,-2.5108230185900453,0.7729801056352574,-1.9199094037054358,5.74857713595086,4.625134134270768,-2.665357773246699,0.2426375077529066,-0.2635728930021841,-0.8096616382171327,-3.0866973224164074,-0.45779546094841805,0.029932651341272987,-8.217151135178305,6.16056335256879,-4.79599967177434,0.3135562534060625,5.925411831887812,0.24026047411669893,-136.67004857963673,Global
29,-1.853423704917151,-1.701761440505767,-1.1737100633847128,-1.139661940340624,-2.483449980354575,-0.8452896503126557,-1.0354627222468886,-2.8313946745030973,-1.3886841210190626,-1.6021908287893212,-1.1474625144543227,-1.5134671050875836,-2.0063912529729087,-0.9134416531782152,-3.2131481938313198,-3.0814030470862352,-1.8224545801059557,-1.0529120550326294,-2.2666669828301056,-3.3207875485818668,-78.14727120199659,Global
30,3.772281156998128,-6.0419296389456445,-3.3862324436684466,-2.779984976924082,-3.995898299307166,1.251557263079162,-2.887109325772002,-5.189673094578189,4.775085662439238,-6.790652948887406,4.6439425695173515,2.1539342471706,5.997601026115557,0.29973184207783454,-9.126330535290508,-2.9234660227102864,-1.1510387811438925,-1.1886668192741219,-3.401381877172767,-3.7025407990174557,-186.67786192336513,Global
31,2.184060444348134,2.1963631941536477,-8.379576270068883,-7.691826672314031,-1.2224606096666761,1.643082194372159,-2.819630930780699,-4.726779433209458,1.1611933050723788,0.0394933246354654,5.010602174953487,-4.736942617139359,-6.727330086177117,-5.433303360546084,0.6311907226615112,-3.849009543637645,-7.152559121915445,2.66926329901265,-4.839789523406283,-6.001913630345806,-150.62537676006903,Global
32,-3.6914783540917444,-4.681186432267667,6.364437315929337,3.028220898719024,-8.644532482671076,6.889085502079617,-2.9859814608932194,-1.8495216044118727,-0.7681009944154038,3.0472558728453514,3.5013423654349207,-0.9818553832242483,1.2546803254467847,0.07576392316322611,-3.5899323809022405,-1.1883550721535983,-6.313673940856357,-0.05264773982664828,3.0732466386988015,-4.911807522961036,-108.30575776920509,Global
33,-3.3818236028658006,2.1544553675343643,-4.708835384807792,3.592570477813613,-0.2207032166290972,-5.353034709580367,1.9549139799670492,-7.119058575914218,-3.780385343231279,-5.958500477454411,-2.96618860945226,3.0375130723999337,4.433622764459917,1.100951521343971,-0.016343150203946166,-3.88023039609857,-4.105003522690087,-4.027706191730969,-2.0940610010574385,-7.968481586508496,-129.35466940231734,Global
34,-1.30484165699405,1.2163324719557629,6.533331836200279,1.5606497145849865,-1.674836830668518,4.686944414459839,-1.5326959042513018,-7.33908715043415,-2.647585513264321,7.11679744909673,4.060417914409186,-2.8160924763574124,6.552366924463811,3.380690424549421,-1.038241014062109,6.168380174471025,-9.235115984549378,1.7310612982780782,0.4234570215648592,5.584910656311649,-150.87460274868957,Global
35,-0.8542882438667014,-1.074109142910121,6.241115482384632,-4.150187495868818,-8.50154039750706,5.056747830375091,6.245338273004172,-7.460358348158009,-1.5380723415749387,1.3670764584274497,0.7622235980968934,-0.36379416478185256,1.7945643131061502,0.39824102437369113,0.8648891766665692,5.428813863263532,1.4575182977684698,-0.441476140424907,-2.5208299058442396,-3.6831132580975767,-101.35758409215943,Global
36,-0.8253653731906203,-1.1023118256736808,6.242536238294185,-4.127997442050738,-8.484560909971881,5.0425641128519265,6.19499746572353,-7.437012913801203,-1.5360846416949197,1.3853697429193612,0.7665318608634455,-0.37211599648753757,1.818141962924643,0.4162376847018461,0.8401780747656868,5.377800918875341,1.3849276625273774,-0.43433865430372814,-2.5184289888786195,-3.650884942643945,-101.17016130545369,Global
37,-1.8338382414478633,-1.7318090875758412,-1.1425285211708311,-1.1654712896435584,-2.461676947645225,-0.8231072841292215,-1.0368026057396986,-2.8299799578408877,-1.3519112285185224,-1.6454005676921395,-1.1738004649762297,-1.4797675325055073,-2.0145127303141863,-0.9187234576598433,-3.1813078047372016,-3.0825556324355095,-1.83544818519877,-1.0862709365456633,-2.228361851915869,-3.275296126333256,-78.21900491529891,Global
38,-1.871788215820151,-1.7389437425639245,-1.2439769121103808,-1.1440056436274582,-2.4571300587555323,-0.8681010585266603,-1.004873755296541,-2.7979253721746757,-1.3897116342482578,-1.6442381644004114,-1.163400056786611,-1.4915526277754005,-2.0364930633517004,-0.9088627307117798,-3.2348510855297627,-3.122886975927508,-1.8410855062473412,-1.0796031877612802,-2.2458888431378834,-3.322295650671466,-78.8265995135812,Global
39,2.233283653136853,-3.72821955633621,-3.7085375779557817,2.9790424840517726,-1.5141651336124422,-0.16973783056264935,-2.600442517318422,-7.165862654012756,0.6238617383811818,-1.3779374125484338,2.7189313046832524,-1.5452832207676543,-3.824663326636271,5.8363376251329555,1.9285600193251078,-9.181241710010807,-9.258391485570867,-1.5594073675822369,-5.408080134746845,-2.19714146183692,-172.55069262891686,Global
40,-2.6892856675615873,-1.8445938852911203,-1.5643474879977703,-1.3629372904843926,-2.059990571954477,-1.4661337333221431,-2.4476016360485193,-2.0017799053676777,-2.6809514603431497,-1.744180792767026,-1.499506122432251,-2.4638196797370004,-2.875476737644851,-1.2636764197941563,-1.9942872918084429,-3.035163861722819,-1.2421891176379856,-1.2163832400625842,-1.3314662575237013,-2.53493963960784,-97.32706082066656,Weak
41,-1.7140302170992523,-1.890117598209715,-2.0535759989485505,-1.8491720943155796,-3.0109898351888837,-1.749795145245458,-1.4949164579737828,-3.187758491431723,-1.2445470628222723,-2.148395285161069,-1.7622302517292385,-2.1484729655019033,-2.506844232154778,-1.5633937184375168,-2.947325177483641,-1.3765293338686704,-1.9824630266671797,-1.8458617662775207,-2.203969778029897,-2.014456068972697,-105.37691136165999,Weak
42,-1.9021948372782098,-2.8359315045599733,-1.2721811091465696,-2.2104784881529724,-2.0093802223420107,-1.28371062735469,-2.7619891915946315,-2.1815972160694996,-2.0877103549380998,-1.5758501979876682,-1.9219092861066298,-2.1833864410303416,-2.337834155965571,-1.5591402046348597,-2.2616676626007166,-2.3292872480372497,-2.2976169689250803,-1.3916028860141936,-1.537923020393617,-3.006637884060236,-109.11765686387243,Weak
43,-1.003456166005062,2.1613855585616477,-1.8441015721991665,8.205491501548284,-6.2611416967718885,-1.7169758623189146,-3.305545742612976,1.1646796051356656,3.5216345882580686,-6.4208156953251505,-0.2575845872432154,-1.4673750189447166,2.9693776921509105,-4.98753584402313,0.3779353386839688,-2.0900452632161493,5.06445225728651,-4.191980934622704,-4.426143838623295,-1.016750289916029,-132.4996332004083,Global
44,5.476337053830296,0.7410559157828587,4.757874290028575,-7.559770399823482,3.6394120281826403,6.058903085093522,-7.161320396033554,2.624969962561142,-7.449622654579365,1.3670613560173415,-6.92789788525102,-5.4883054315204145,-0.32659577015030017,3.840256963982787,-3.99426142882046,-4.154993625682842,1.3748588730793205,-0.4171889470070038,2.526471851296453,-0.5986728892223532,-164.1234779788842,Global
45,-1.975400719915111,-1.5899818086846287,-1.0629738425653528,-1.1620273516504422,-2.5081808297143997,-0.649635533334802,-1.0365655398401152,-2.8805379569332183,-1.4307563698859045,-1.5645028031822152,-1.1797708416910229,-1.599408105024915,-1.7992044317209543,-0.8731202077193949,-3.142710049258051,-3.066783355878128,-1.6999886595431402,-1.01933244088038,-2.253539770995357,-3.1576591931300286,-76.02518685415734,Global
46,0.31179471882761156,4.058085845366897,8.950706951998832,-0.9450945847958678,-0.3006695662806145,8.15330732078499,-5.179354952964115,1.9526706613782263,-0.33218683413712924,2.2245376706890063,-2.344810949695903,-5.636778294881166,-9.045314092144014,-7.358943472745518,2.0879412745533408,4.073977648103945,7.553617651193022,0.29912922939252695,8.883243171826308,-4.159395943842929,-171.5987819293804,Global
47,0.785965276685225,-4.440836857380301,-0.128451226556356,-1.2673735821167949,-4.618978898390287,4.007871592705953,-7.470180813594915,-8.938544356572658,5.353508660745582,3.3186006244135964,-0.02947751707204027,-0.6442045905491689,-0.05177241017147516,-1.2595184780265427,-2.1421540833764174,-0.00618794227759345,0.5703034231952095,3.838046281672419,4.224143214680451,-2.447418397197108,-75.33255317199962,Global
48,0.7744347460991288,-4.425855120201519,-0.11461615461523722,-1.267882366845582,-4.6215305497524835,3.996197649037114,-7.44735447702377,-8.906998400826843,5.319301733258242,3.29687106854247,-0.04025257893703759,-0.654281368740579,-0.06504302560772786,-1.2624023052131257,-2.1424306995335702,-0.016255967122087173,0.5602603413431305,3.8058431063739757,4.198147834156507,-2.454268093734725,-74.0246435802531,Global
49,-3.885094484544287,-7.579685369997479,-5.855911997266019,-0.2233763525826955,1.7289895136493065,-4.449714059997967,-3.4718090131148216,-7.303176487278968,0.39775691515079536,-1.7397692367020472,2.2441787041828025,-3.2213509968579634,-0.005629014134157728,-2.564781226871336,0.8857688507457766,2.3057294634975953,-0.8195708772479584,1.4641259611562507,-6.482300252270776,-9.865102970658157,-157.1580110060612,Global
50,-0.5597112892994378,-0.2932970069095653,0.6545383318415396,-2.2404872499309247,1.3908500601328875,5.017536081720767,-7.692471986353815,2.266336588309354,-4.931363437928242,-7.418170131649817,1.1146309310379987,-7.2745689510756435,-0.38218514014971916,-4.0196520403755205,1.4690307998076833,-4.8213766953511055,0.8533540408751801,-4.6694598475904865,-1.3468937985588525,0.863849243509442,-100.88940395282498,Global
51,-1.0130218511264708,-2.9362691389351525,-0.8818929962418416,-6.230586250868275,2.6385098603184254,-1.3909505099890396,-7.9183383396289635,6.495363453816658,-9.939499745777207,-8.614764370703334,-4.921318245906963,-7.156202887402284,-1.9791104759706695,-5.5530211121233375,1.0835495310954268,-2.2806005939891394,-0.1066247759945611,-1.6519152800100994,4.841894992156632,-2.1727624107117975,-243.66989949488053,Global
52,-2.0198990456362336,-1.5858011460786,-1.124738923138385,-1.1497077342337914,-2.5135503842518623,-0.6801393709341431,-1.1055513968715167,-2.848502656512195,-1.4805715242009772,-1.616138414100322,-1.2097245777858077,-1.6871884834890092,-1.781794933266946,-0.8964830567055061,-3.094941493218456,-3.0475757321164334,-1.7181573662185463,-1.065901598214718,-2.241138291997839,-3.099041123835734,-78.2076461511239,Global
53,-6.699084365488801,-2.5253255869996565,-4.144766620778812,-4.466870659504951,-4.973600817295429,-4.852171339202029,3.773968812916591,-3.8060800704019915,2.1397158998159593,1.7720106096768173,-0.062230196497161216,-1.7283433569479598,-5.061164849833311,4.360691435754697,-7.285245799711366,-2.7374439596876847,1.6515520504088617,1.2185319458709447,1.4967745070255578,1.4055304508079054,-119.8531341885479,Global
54,-1.2271588041743424,-2.99173968465497,4.0463724523011955,3.374884065641659,-4.643362148147312,5.4659129041818115,4.263485576066692,-2.415400909514873,3.950301008655142,0.445059177306506,-7.285940343544253,4.893043964538187,5.232837462909764,4.895227720240049,-2.5979738213922543,1.6571099356336028,-5.8107083763915535,4.03455211596475,-1.693239151726278,-2.7814714606969844,-132.4810070037225,Global
55,0.1387369395702276,0.17205207328530747,-0.0937945801203739,0.5500513833130647,-8.168717055831314,6.591900353074873,-0.5610402731782376,-9.838448147595782,0.9841414607460592,3.1229474814334406,-1.5702782689715598,-3.8629470261366343,5.735097468417754,6.493666255090744,-1.3259214816301341,6.761265224916681,4.198049420444317,0.21208712413707786,1.97112117693257,-4.304531735779724,-149.60835889544222,Global
56,-0.6968738347425969,-6.466561874410786,8.020436175344202,-2.7439926750690375,-5.038953794618166,6.48569034320165,-1.9301724671157068,3.278576479565105,-1.2045493417077537,-0.5450882687805638,2.7892264566217086,0.008139454635429644,3.0267530924850146,-1.7642368024768906,-1.971078333687835,5.218766863898029,-2.607631268558821,-6.60729097825504,1.3022882091111132,-6.742049962433406,-157.6152887576116,Global
57,-7.232474297709222,-4.089496598085606,0.5746408875713644,3.197868310342887,-3.863143003279383,-2.960805679273461,-5.47954965145234,-4.978319254832824,-5.875007345859147,-0.007120759447797553,-5.926923429790094,3.669428583788525,-4.3639551298015755,-4.701553350335768,3.6283939670411147,-1.9030085970478883,-5.421080146704131,-3.972042564312826,0.5319427181473912,0.01381722517993822,-163.11512934749487,Global
58,-7.421516210166217,-0.2346825293691719,1.6207858992788378,-6.731949848267831,7.530168885754641,-2.512931122881512,-2.1495011232264227,-2.8871288189685114,-2.358395711992449,-1.702911603486644,-2.9583238050548877,-3.607106935711659,-5.621255284470667,-0.24182663468932653,0.7872713982491071,-1.272351679109203,-9.018039970542677,-1.92763480117687,-2.9322683506284015,-4.303904814084634,-177.6845532978835,Global
59,-3.0778641256481762,-1.8126499960256117,-1.4573953253801257,-1.64669761944293,-1.3670184935929435,-2.1440319102141254,-3.1019738061328965,-1.2637968566569486,-2.4690534038295873,-1.9062513679633928,-1.2494759249910132,-2.1048454857687497,-2.301113444477167,-1.576013066094528,-1.9153138392422058,-3.00332375962358,-1.8046864495548725,-1.5759242862466858,-1.3426640851252996,-1.4353162314111234,-95.20885844680623,Weak
60,-2.546051709476127,-1.9402851786908317,-1.795570089980827,-1.8547910275617436,-1.8599025269363563,-1.7656605692817977,-1.6263478409666017,-2.1618441464892912,-1.9898056788535448,-1.507192639202245,-1.6404460817868842,-1.2659855132651385,-3.066370608972255,-2.2208679717808133,-2.455756784562962,-2.8402278358308264,-2.0915281550397076,-1.9343195452086213,-3.1411500837627826,-2.729813365372559,-110.62533489449669,Weak
61,-2.1014739169418553,-2.0895661221195514,-2.5370879845260346,-1.6088547410657839,-1.4699511999450345,-2.062546485875021,-2.416979399474684,-1.9150061375387362,-2.367909432730859,-3.168594413826042,-2.2692885812638264,-2.1426384592284586,-2.008816583246996,-1.6125441635709976,-2.0276569749158324,-2.6513684544263008,-1.7055490619665525,-1.739921667925847,-1.5282321159892647,-1.565896389322345,-113.59061623084365,Weak
62,2.0002319303464198,4.199051737995003,-4.302779550602727,2.6168032579186544,0.4812999498227235,-0.8240029388911996,-0.2382310802848675,-0.8699296837997288,-0.2850626296738046,2.561903265567093,-1.1416314045657536,0.4131359918207842,0.272477465075573,-9.135474188637678,-2.9314163542866156,-4.3498668812107315,1.5381422286458175,1.3768163244700808,-1.125865930896099,-0.31180284764137056,-53.336780240807904,Global
63,-2.5917521187309767,2.3747519099235674,9.7340193853275,-1.1246098737403205,-0.6196050551957875,2.7793920508273313,1.7708406187575285,-6.053258595884621,1.6460036612069668,-0.24563795766289864,0.5027645579299325,0.9623390564133345,-1.0989716145710773,-6.163785330562375,-3.271865384613813,1.4784259377009086,8.351254268702991,-3.8739993098675924,-2.9721019424890844,-4.873676971729369,-166.33753933803092,Global
64,1.3224959243799876,-0.07862096123673368,1.8094483460482653,4.522738171106603,-5.452864623121423,0.3467268472054563,-2.9068598530859564,-1.3878083800861738,-3.610954565172209,8.936624142505853,2.4878188941261286,-7.0285457708215615,7.808738652919949,-8.296976580790222,-5.813151588108642,-2.107621034504305,-1.272912575942355,-2.963994418538311,-2.532410562357706,-1.7960156461378673,-164.18406835641886,Global
65,-3.758260399027211,2.5860416861061637,-3.3553217436469174,-4.289479725857904,2.1003877117389163,-1.6219320976534597,-0.8466730052399019,1.0472371968192657,-7.578171693793124,-3.357753472610825,-2.1252873679734563,-0.623691945043916,2.5298220137364353,-1.1580056742660503,-0.36706656737569077,-5.309796211786775,-6.135447201173507,1.0903238033184408,6.343737930217522,3.004922663613602,-117.474312517427,Global
66,-0.039268266755660974,2.4902033197684794,0.9930484076817354,1.0691576747212928,-1.1902471414518807,-5.552123923291672,-2.394144615561304,-4.027078011302169,5.202470133547459,-8.453220683281263,-1.7730677253640792,-5.61968831572313,0.3966427815728508,-1.1043209732739196,-1.4823229220067091,2.247537779447521,1.9701278565306186,-0.4456110199450585,-4.987802622545496,3.9193923208165735,-95.94327587263356,Global
67,3.914593618880918,-1.6180130958654253,0.04191077286483136,0.5197316767865239,-9.764448763661973,-1.8666071730220288,-2.016983736519535,-8.164316249850359,4.458177080722198,2.6669935019853774,-3.075560952329866,-2.5565314235898784,-0.6619366143520171,4.249859125624344,-5.559435933464236,0.7177990926163034,-4.17731781512678,-1.4237352458320487,-3.7652914819203342,3.502382489711117,-143.35421507570936,Global
68,-6.592261269521242,-4.1191533927328035,-4.9804844057673625,-5.4708404387499865,-4.022027045673853,-0.5293266269245969,3.404083258069866,-1.688892469973025,-0.23176954241705872,-0.9759387271813225,1.027760158607741,-9.826062131783647,-5.42674528288037,1.127990892630402,-4.538266944096192,-4.884463650392741,-2.182808039787611,5.0896705835181315,6.088881526052418,7.404174084562719,-211.63313813301926,Global
69,-2.7161447657339615,1.9204094762147257,1.2044739903486352,3.546978619600802,-0.35110825653037736,-0.6862594092833696,1.3720979462592808,-4.660309008805008,-4.289405012318066,5.000744202809722,2.1928356587905835,5.128052338041698,3.7044813025892545,-8.467452674783145,-1.8715635468352882,1.2818929257671723,8.810383997878372,1.613354858527753,1.2104878789648446,0.8702601399663159,-72.44896353054331,Global
70,-1.45765151035633,2.283982700295839,4.154930004776345,-3.9222535951675734,1.0496431502377845,-2.8713044178827474,-5.015276368186441,2.6407657269491054,-9.728540424583107,-3.0229122875640435,-1.7517986262372265,-7.828613272595453,-4.294597756695964,-4.216013281485886,-2.8330343458141405,-6.993086179664085,-0.8959378298238825,-7.135875163386334,-2.3621642798371667,-1.475554694755548,-199.6327903563717,Global
71,-1.4362886410319593,-4.877583438515254,-1.3617427413026597,-2.832239782065966,-3.675806147473164,-3.4167237531211487,-0.6420597822421232,-7.966687259094314,0.9584361059343394,1.8544770170262321,0.15023216997404099,-2.724239154807413,0.21171093247129136,4.607678729651239,3.664458592220045,0.18687317243036183,-4.606473574660457,-1.3506839056983502,-2.9152817126258146,-6.297336099423072,-73.01875671495881,Global
72,-3.6618728961393203,-4.6603834022652295,6.307036364252625,2.9675846804143804,-8.654589774703165,6.85564380860456,-2.9430996937070515,-1.9104391794347029,-0.8145360696776991,3.039515588627756,3.4734547755319896,-1.0042116179533187,1.2487955027110607,0.11849124564883975,-3.6197267802068054,-1.207776278141821,-6.263219258667137,-0.07665585256196665,3.040303413108982,-4.936080261029564,-109.40826576474001,Global
73,-1.960419636666897,-2.132664367303846,-1.3771682916187455,-1.5802020986672753,-2.253466930199491,-3.140909604456312,-1.4484857846870118,-2.5820057622241537,-1.947852353507081,-1.6988724229169743,-2.134892515797188,-2.624616529817123,-2.9856784458211045,-2.582530213582567,-2.6139192170861003,-2.5113427038502216,-1.747141933173377,-1.29659708465629,-2.020723537376543,-3.0525548279954737,-116.23014536970344,Weak
74,-3.0180835356216535,-2.834327998177624,-2.0399115830545558,-1.2020879950133545,-2.0799064092347272,-2.402675023469519,-2.6553188277134048,-1.9281399521799274,-2.9569006347453044,-1.2881323068251034,-2.223806881048459,-2.1126722164362173,-2.9572739182053285,-1.5553667418883823,-1.9480986236324305,-2.678212579690097,-2.3746679602846843,-1.8204897993613722,-1.4431098062359033,-1.2874311494758253,-117.81379039460326,Weak
75,-3.09315946683816,-1.8271656009338948,-1.434384724623209,-1.6388445576744837,-1.3607376501068664,-2.1414366263869664,-3.116942369447381,-1.2512216787682824,-2.480851984759703,-1.903837022892625,-1.2337297900800477,-2.1120445459537636,-2.2916908984188846,-1.553590071057233,-1.8921913378835422,-3.018204204133077,-1.8026766411517292,-1.5653767155039464,-1.3334977829910506,-1.427599822354205,-94.43735640701556,Weak
76,-1.9949554832623448,1.1332261799611114,9.823073346725167,-5.21933056794923,-5.052139108049842,2.754993359528566,6.253815069914161,1.5149959993740492,-6.774369715376354,2.850386371669064,1.118560116835548,0.2408715775348007,4.082847610864576,-0.18247913568342966,1.7787528448736865,9.70124691093504,0.7509094511221654,0.719437778967766,-5.66594925844051,-2.160766731094677,-217.17754796483237,Global
77,-4.4763764444371485,-3.196984413267314,-3.2574062303491536,5.385650555923018,0.28909025581784675,-6.758005588547804,-2.1809723196426445,1.1997414363117187,-0.581466289882064,-2.908633412162713,0.9493554274990572,-5.760395313913069,-8.773013356690191,-0.5209613423642434,-3.443008566117694,-3.0512344677494863,-2.7739850430615505,2.3530577009297815,0.7156896393412708,1.3002790652770742,-146.6970395069394,Global
78,2.5909362613903895,-2.0652852228467866,0.3185162568389881,3.540612434437465,1.5613685775005397,-0.577849998735644,-1.1109617428757943,-8.346710619971926,-0.5473115492398168,0.7896305311242742,0.5202972817436251,1.371792151340781,-0.1232019028024105,-2.1880691427825845,-5.363827566285677,-4.56856032100257,2.895093594197638,1.525742612010939,9.295017245853444,4.045358382026267,-88.6385959785214,Global
79,-1.049921768549071,-5.48199015756895,-0.39613165457078203,0.23402951633255498,-1.7942242253680654,-2.269938313232707,0.15754169331494694,-7.964435340436724,3.705861316066567,-7.635039073659405,-2.797392418651321,-3.852436548046967,3.0673966534559387,3.8102916305106564,5.574572048214286,4.558644725456071,-9.856012865225281,0.9750809543282273,0.4204130105989847,-9.301960062047655,-170.61906733080318,Global
80,-0.03921480174121328,-4.818367253159712,-4.6399597513265896,3.06472168919802,-0.06377767617179231,-8.283435773653968,-9.203680145442837,-0.8987233851897773,-3.1710887319324454,2.074248180205009,-0.09510012571563209,1.5063436585628338,-3.9236110101305925,-2.1177857457123768,-3.5377989244194126,-7.932243593588753,-0.47935828382075485,-1.2118234319954162,-5.094727991409565,-5.497028543943864,-100.34294183037436,Global
81,2.535139813458853,-1.2174947879095122,-5.211185475415487,-2.1130815500883804,-2.561933597576582,-7.307234819325532,5.978644857168387,-2.4286321396257353,6.414758277903655,4.51570349917821,-3.63988039803977,-0.5672953906909726,-2.0700465728589768,6.55786103768499,-8.76202276308945,-8.146156585615289,1.5932628793008803,0.27682135020619825,5.049010512717542,2.6105641812288525,-154.02040546155865,Global
82,-4.619827188886648,-0.7020925033474317,-5.225422799612948,-2.6968262023104845,-3.7730331031019437,-6.985940164424703,1.7789477365523787,-5.655137430181279,0.9341413602625757,-3.6842672644512326,-1.527258205951851,-5.521159997202458,5.775960095923189,5.376685596126123,3.6415420349656813,-0.8449351310194579,0.3420974878351579,0.019169861785906406,-3.0708054245735834,-5.048018911152951,-155.35351555557764,Global
83,-7.386302685901782,1.5545576024113323,-5.404978422225522,-3.138969283949155,-0.4188794252092194,-3.244220235026045,5.167287859924858,-0.9479728611397427,-1.0081153994974485,3.3099902223741946,2.5724560534380014,-5.7665368346237695,-7.020254676907647,3.8392895110734386,-3.715366032180814,-2.7871947783213713,-6.984188890544778,-4.730029078708126,-3.449478137113509,-1.4778478253967045,-184.62942642397223,Global
84,2.765639184107604,0.40045590587923385,0.1187723930000324,9.06345695264718,-0.8967796033553839,-7.437619124465009,-5.100961171620004,-5.417753316113092,-1.3674130922443446,6.546263251684703,3.1408519463372606,4.047000323727408,1.4054010279003144,-6.659833493529604,-4.62875360533679,-0.08107897073645454,3.8703600410356245,2.6804486497453084,5.108235936794717,1.6510102296893852,-157.9813332104388,Global
85,1.3350676644117918,4.820311517600908,-4.070582943571712,2.0087404445536645,0.8622554985648989,-2.064250456684544,-2.278695595438358,-2.272007149169082,2.040280728759363,-6.093301043926127,4.553587997428769,-1.4613136521452539,-5.217766797565457,-2.2553692752684595,0.015818885744380395,-1.7827125083038986,6.680836018629627,1.046713760636841,-2.3515369513629665,6.149299057900134,-120.39927780922639,Global
86,-2.705802405557269,-1.8747569577069603,-1.2444918211690723,-1.8796058255196333,-1.669212270985095,-2.2500315687053716,-1.2957688953513467,-2.7404966881224766,-1.5256816414654402,-1.2460935908616415,-1.8205377813631725,-1.5126677069535701,-1.2552519796581871,-1.895822410716038,-1.7799173904862893,-1.6332626230148146,-2.6698976711183016,-2.1904588065118267,-3.078210005671913,-3.100523678694729,-95.36069872458341,Weak
87,-3.174045357388069,-2.247123275532301,-1.3069852386347982,-2.0605971077005005,-2.0844844965644125,-2.1079605330547944,-1.2020159778418977,-2.817412287645289,-2.017823527045094,-1.8172141621889895,-3.0953913040477423,-1.5610622008181239,-1.3423673873160809,-1.3472802507406607,-1.3233720554212425,-1.6844793223177377,-1.6443388908410321,-2.023465456554283,-2.95422108392877,-3.0915926643171905,-97.92677475750952,Weak
88,-1.9644697086271325,-2.7759540730800163,-1.8306431689493858,-1.515967257556265,-3.0492633497937116,-2.544283365683545,-2.350632596975143,-2.345869992331701,-1.3086735110427166,-1.877803200974652,-2.133474548227287,-1.7834799280277913,-2.6892571663564926,-1.575009538371285,-2.8082139969437487,-1.871513997335518,-1.52043941589932,-1.7087118527988738,-1.8127937166014292,-2.872050944664797,-111.64094512031512,Weak
89,8.56589780948606,3.0359562233144484,-9.87999076628766,4.691214629108384,1.653991170783014,-1.5064461205166673,4.252152491191101,2.278920465964182,-5.957850477315421,6.244777758715269,-2.504775695401145,-1.7927116266224719,-4.432741041954342,-2.2992760146775293,-2.8760280374769653,-5.178819488094996,5.108123548890935,4.718611627526027,-3.269103004335374,-0.9111407770768096,-216.1519433173651,Global
90,-2.4897248294456347,1.828979514580297,1.025910830513821,-4.10314989489069,3.698471634398084,7.195749402101345,-6.462907693386281,9.89145538712889,-4.169483636769586,-8.847461166833213,2.1128363541130906,0.04169660286166099,0.831889649912581,-5.678495630967855,0.18431410689878547,-2.988417337094109,4.976455406044291,-6.47891628031865,1.383334736619755,1.3790991152127479,-207.47731947221646,Global
91,-3.828033900030528,2.7756236567866743,-7.022775514834729,-3.5885807855326446,7.137086259271005,-1.890036556397213,-3.1152087725463184,-2.4294079924091445,-1.7916303315211284,-3.350013524207731,0.024776363542533986,3.973806648309928,-2.1917050757424894,-6.361767510727693,-3.7086380250230704,-1.5770515836709684,-1.1052536644052235,-0.04627668788125483,-6.812956820955803,1.2660191268818526,-169.50747013660927,Global
92,-1.0599535055441063,-9.500757628650206,-2.419427070681861,6.773327890969917,3.996926919702698,2.8852977880054027,4.668098144133383,-2.812279576199699,-1.5110161566711824,3.1626042282100215,-1.4060035435935703,1.342832533656182,-4.672582478575793,-3.107078002036456,-2.3406438092777098,-9.963014953737561,0.8946934449324999,-1.2951372560187728,9.311277373932128,6.531191041079406,-242.14464586624095,Global
93,3.539746508681251,-0.8080152132733396,2.195745231807617,5.158031785607191,0.13144590693309866,-5.371297204639111,-2.66245112937765,-6.0023466737927595,-5.444713098235545,2.362238150775056,-6.66127715800225,1.2809754953573353,-6.758718267528576,-0.10184777754095542,1.4641435489865344,-2.3124622357374447,-0.2991678521034089,2.5030529615427035,-1.9129776566748564,0.6957809668675203,-178.37578782188126,Global
94,-3.746976042975965,2.6254280749573855,-3.3908583062240854,-4.287651544198081,2.1557128424826972,-1.595823946398198,-0.8295255237378035,1.128168598091632,-7.670591181735064,-3.402805658627205,-2.119964366957937,-0.560365374636968,2.588464986495649,-1.1631951080829215,-0.3427059511035993,-5.331052022797004,-6.206746969197493,1.1087142465204656,6.42336676944687,3.054597889029083,-115.32912784490344,Global
95,-6.127291934679883,-1.3162218447341694,-6.319975114763407,-5.163321612837057,-4.914535658784878,-0.3465427104804455,-3.8062925029488266,-0.558949110816604,-6.97927105521461,-1.2001065494047918,0.8830885607194467,-5.047631212763277,6.8541230520535095,-2.6757503396774958,-5.155695481128387,-6.264062298835809,-3.071793077245717,-2.3503099497093327,-4.031684736586785,-5.6050234349696515,-230.79770333842544,Global
96,0.15073922919980376,-2.704293589006981,5.414740874964323,-1.3309967672933816,-8.344120557085633,-2.07599677508985,4.463941142778214,-7.7110477146388785,-1.7071998540357498,1.759052751795414,-3.049769419224142,-0.001479808073973743,-2.8109787737797713,2.356125304585193,-1.6270705891869337,3.6244159267599425,-9.810557585362291,1.1856095489625105,-7.448137755034693,2.6247241566530555,-170.53483969195972,Global
97,2.640990629142056,5.958001305422867,4.0893478477141425,2.629360142920225,4.034016424309231,-3.6501428103044598,-8.289965949512403,-4.445279934546895,2.0442260573333133,-3.234815006525129,-5.329360955642466,0.25298451350533924,2.176404723007037,-9.378266453647516,-1.240466345231244,-4.24438735357187,1.1243954464748658,1.1891933211351198,-2.9645918236132296,-2.9922261189962995,-116.96058507283801,Global
98,-4.115952534687379,-4.987567260435222,2.5466546789415254,5.634534218374663,-1.310955807246387,3.961691538359709,-7.122068247440428,-7.610060135853242,3.5396341189001905,4.813356641837075,-4.197833714278028,-3.39659184150001,2.332742877228185,3.199989171323237,1.213766805793595,-3.928482935856259,-8.801331652683405,0.15294014190447136,7.857405850163445,-5.280900012017689,-116.20219243250936,Global
99,-2.4157800225606447,-2.07054581263848,-1.5821063780198084,-2.06227820483671,-1.6475105780550867,-2.9796789481119657,-1.4072826030094876,-2.7340885946393354,-2.4283826961515134,-1.2435791844757285,-1.9164120700055431,-2.3730710116218416,-1.9951048580010369,-2.4671084759138595,-2.236610094527208,-2.254248000762779,-2.851673226964279,-3.028520585376431,-2.8033427515233,-2.189374100647676,-124.81160044556013,Weak
100,-1.5970062271168721,-2.1251446185617313,-2.274115620976998,-2.1924005068847494,-2.302307888056778,-1.3496796967761306,-1.330408891246573,-3.113686368517544,-1.4704400582998276,-2.589907047146622,-1.4498246730734667,-1.2985959403982201,-2.5336664189302684,-2.5012382051044764,-2.93273725811588,-1.7650156700886563,-1.9067276814637057,-1.8720827094517192,-2.6957713927140716,-2.091699175731897,-110.47607297201385,Weak
101,-2.8912052447019474,-1.3800917206523535,-1.7171376343552744,-1.9319096861557306,-1.7862972579320127,-1.6586943294431966,-2.9145009758757556,-1.8512112053286034,-1.8853515608773936,-1.587038473919967,-1.68379555264011,-2.244549816835563,-1.661404021681156,-2.2324309160861464,-1.6163472981551439,-2.718552534425563,-1.9609060364269824,-2.7834022788572943,-1.3761462064523848,-1.437018701950086,-102.89057568162845,Weak
102,-0.05108698216495711,-3.7791535916515766,-4.812638258181092,-3.441932221307667,-5.29387958737809,-1.9756119626931667,-2.947960692421516,-5.7141208067482,4.283458810279402,-6.040431446210704,4.667398920965081,-6.346801621871558,-2.1833837404960654,-2.3067774923903483,-1.063594774582688,3.389991114193453,0.9608734504104515,-0.03385347737976474,-8.119565234242936,7.480953266690097,-173.43948935638153,Global
103,-3.7192850729131237,-1.0885281449933117,-3.3355745183846075,2.2570988924645885,3.417747945629582,4.853559577588086,-7.533406003306595,-6.41537199693887,1.5356855978675306,4.048405671641817,-4.995103328609886,-3.9216796910694507,2.9331792203751146,-1.6500138392166441,-6.063073361777446,-2.0756906202186816,0.6068081325594203,4.682838892909743,4.137568382991281,-3.5843747181625236,-140.9274736540384,Global
104,4.494271822275341,0.7530905249040192,-2.1489588461094584,2.9663257638188174,-5.637195723368622,-0.8152320290865056,-3.551175973379319,-6.078843503352822,5.756157860256243,9.55044342611319,-1.7339263451359024,-1.4289710545192413,3.2716797402672917,-2.291869851453998,1.9942325372873366,-5.3042209319198825,-4.886182169080011,3.504983265640579,1.2757698853844168,-3.932883747977458,-181.09669389056816,Global
