,x0,x1,x2,x3,x4,x5,x6,x7,x8,x9,x10,x11,x12,x13,Target,Hypothesis
0,-8.972113312454619,-8.453669895841406,-8.259144628550375,-9.983906102940365,-9.380528148989592,-8.084792521268218,-8.973766575464225,-9.363431150255803,-8.921600125148704,-9.55749011514448,-8.38703728415146,-9.315490748770632,-8.92222230186571,-9.988252428897884,-10588443.255938843,Poor
1,1.0278866875453805,1.5463301041585935,1.7408553714496253,0.01609389705963582,0.6194718510104082,1.9152074787317819,1.0262334245357743,0.6365688497441973,1.0783998748512962,0.4425098848555198,1.61296271584854,0.6845092512293687,1.0777776981342893,0.01174757110211666,-2801.7793698334426,Good
2,0.2788668754538044,5.463301041585936,7.408553714496254,-9.839061029403641,-3.8052814898959175,9.152074787317819,0.2623342453577422,-3.6343115025580275,0.7839987485129623,-5.574901151444802,6.129627158485398,-3.1549074877063132,0.7777769813428925,-9.882524288978834,-2453066.5321899247,Global
3,3.4630495636105074,-5.799514756425237,8.651151857574238,-2.515105010370158,5.048378441718928,5.2627800369104385,7.409989105435002,-7.797776434867966,-3.9981603921243236,-0.5018846809906297,3.4587343833317163,-4.848151341587645,4.023026394489751,3.1400011874852485,-1699652.6988440512,Global
4,-6.359844845762115,-3.5587401434179844,7.750749138416566,-8.333016779004865,4.931282402808163,-8.752999020330472,4.629622531454569,4.850227099870876,-1.8416837309667748,9.827659977969624,-0.9572540248321637,-6.20242913744157,-2.967470558012348,4.296233328505197,-2934414.5761758247,Global
5,0.005870552796754691,0.0,1.5238339723194838,2.0,2.0,0.08074396089017127,1.1530503125217044,1.8560845219165505,2.0,0.23405368270698995,0.0,1.633725914740199,0.0,2.0,-5354.315271725318,Good
6,1.3002476758648025,1.9744959656810706,1.9563497185325087,0.7193070131117874,0.10339846400016728,1.9855922703421898,1.2694783136669727,1.4601606987403686,0.39759782804081234,1.9535175491763064,0.9325931785992281,1.457637100860025,1.907484746374511,0.5673650342326477,-4918.874340967675,Good
7,1.470165465757722,0.9016266770319434,1.7216672755871052,0.7363835294017331,0.7011307655521442,0.4758222671542458,1.2722271647559846,0.4973556083824724,1.0290944007828835,1.2244886303727127,0.6784132158425249,0.29673185371543886,0.7944078019339065,1.1446871259038713,-1187.5973662601289,Good
8,1.4700564628437822,0.90172125651886,1.721649864301322,0.736150318302349,0.7011587177395773,0.47611522535785683,1.2721514043185491,0.4972863648755875,1.0291694390620711,1.2241741979137348,0.6786837475707702,0.2967195411185831,0.7943842550407516,1.1443875254709164,-1187.263883696879,Good
9,1.8656777877393644,1.003489979851184,0.11614670219823897,1.8080614705728815,0.717404372466051,1.057749456633869,0.5943685213371988,1.7200887671581548,1.850307837164373,0.8969260330899527,0.07919882402515399,0.3355109440118589,0.9339772117632585,0.34044113824809474,-2835.4814719471383,Good
10,1.341321505001357,1.520858916877292,0.3248976775318402,1.4509404325140292,1.9060060395842722,1.0955839018962354,1.7586158000891754,1.083328923201862,0.8699738288359267,0.1405958978205908,1.3909736078951895,1.3851210337671649,1.8839081926271544,0.9102583807491902,-2632.8988587436206,Good
11,1.503854875185257,1.9738386667177834,0.7924612644573452,1.3648218843062876,0.5091426864898572,1.7129019598885757,1.7164820530594842,0.48071359688425064,1.2520318605031004,0.48610810609661326,1.2585836004613928,0.09302821218316404,1.7270371144296248,0.08379945923152143,-3864.7753794023406,Good
12,0.7633796968562847,0.9453722101675652,1.640389829030055,1.3999948756418288,1.8174826894607263,1.1860986413132895,0.3326562972619207,0.9614282887037708,0.25188919067284754,1.5274815245784612,1.3253105100586953,0.6135612561980064,0.8698872786148344,0.9963378145213424,-1398.3050338761418,Good
13,0.7118990644510297,1.173868528476524,1.3896639909492443,1.4761116194178259,0.9856758406688125,1.3202924147064745,1.165261473213629,1.5289861324959861,1.465119078034666,0.6884955077685949,0.6443080493380426,1.2957000164847676,0.9786548688477951,0.8834987143190113,-676.2902471965048,Global
14,1.7324975414783526,1.3823690451443624,0.8725023556362488,0.7386871415364644,1.051486976009677,1.288467218338733,0.9521390030142022,1.104528929003664,0.6922655364538427,1.1233633858381888,1.1064166410848488,0.7251044587329513,1.4934030352104621,0.4572308215479023,-958.9978809888379,Global
15,0.9486126150289138,0.545646695334152,0.8058084839205409,2.0237402786436256,1.8408289414884624,0.33816002983005566,1.049645557856497,1.1107088696280234,1.5222315139522897,0.42445743704790445,0.5382338032149496,0.6997810242052455,0.5764957642151436,1.3939094340662264,-2266.8571395779577,Global
16,0.9759805619589598,1.6300005301680223,1.8432469793129405,0.9347984186976029,0.7433460152580572,1.5477215186091655,1.2840076586448226,0.6908088228112268,0.6538414019199758,1.1869384025936167,1.3225279947263746,0.801133272735483,1.3712124311483094,0.7045399389308793,-1379.5491005340057,Global
17,0.7393190394624097,0.3529126060017308,1.580661422114974,1.1848173461933358,1.5941865526917653,0.5560784512208892,0.7493836019645641,1.5084185995460302,1.2144931088491195,0.9662783539822029,0.4217992120576206,1.0056349614291606,0.41944728549905347,1.323387860971905,-1297.4376844130863,Global
18,1.5481534518662678,1.4036576305541408,0.9654353141790235,1.1157769599351082,0.43180187114426416,1.3689025237906762,1.0757067180848852,1.0110812716044342,1.5243576542095143,0.7529327096085805,0.7395129570563173,0.4556005848993858,1.1085380306371142,0.330470732052093,-914.034051335151,Global
19,1.2489060526222207,1.2427949828460954,0.48959208979473834,1.8100372302626273,1.3316725785430783,1.1025293239846623,1.327437773553607,1.5533111501277346,1.2639723529812643,0.7340241178056923,0.5835841636592018,0.7736363131104727,1.4290071071634758,0.6995649092974511,-1273.510273879929,Global
20,1.2863560200108677,1.6306396767899487,0.8990310377536797,0.9886393617375396,1.2033970269707384,1.546516007260418,1.355816017198236,0.7940205230729448,1.039609849241773,0.27345024594057754,1.5095270773929272,1.0308009086518397,1.5187903662807745,0.4700351731762216,-1339.1821791178925,Global
21,0.5292802957017066,0.5863500296137398,1.2269465759203697,1.907245467956819,1.652693836304545,0.4753813206077629,1.1137370606631334,1.625385484221181,1.6710375294882853,0.4781163103329556,0.3782077479776793,1.6184571845535005,0.5235106682100752,1.6632937343325702,-2586.205322690924,Global
22,1.0238178542201757,1.0046608667662729,1.7038667268745116,0.8552642419515989,1.008466822277616,1.315166632651146,0.7605904578289296,1.1054854864589991,0.8045949024576852,1.2858863738441824,0.861715012178211,0.42584603174003705,0.9136688201402006,0.578518880606808,-798.3408792661496,Global
23,1.259332500537569,1.7660284749788615,1.531144263362824,0.49163531644054104,0.41817851606146816,1.772601186286502,1.3139848192346515,1.1952428020539325,0.8359622799972349,1.1802410048188434,1.1464870294677951,1.0853515993604972,1.6035318222850186,0.3532238292491576,-1801.8663144914935,Global
24,0.7910255623145261,1.1730874809128,1.3573457233511286,1.4228196106297968,0.9904120957227904,1.302248405362742,1.1446297063802267,1.4716921555273061,1.4081417876436875,0.7269398082119535,0.6723653141865649,1.196323404143347,0.9985777539861422,0.8456754827175277,-492.5596464049743,Good
25,0.8760617360556634,1.174723232991167,1.3273531179537927,1.3618366700419104,0.9893158615964023,1.2864421419772964,1.1215682739084805,1.4081659604850687,1.347757146487438,0.7691031373796059,0.703838070591703,1.0906675221279645,1.0192134806680282,0.8031935226584721,-343.9141208850485,Good
26,0.9457232624716642,1.178764549930612,1.3103670800980285,1.3055123788030634,0.9796331580702236,1.278075817744658,1.1005370160733585,1.3533801522497324,1.2993766242358817,0.8052905763131015,0.7313727800955506,1.005998916925241,1.034072533845382,0.7661770292076542,-257.8054915475986,Good
27,0.9957230838693412,1.182978111825885,1.3052742051518482,1.259206648965637,0.9650956694976293,1.2754890324964814,1.0826078311996368,1.3122511315492722,1.265674992449656,0.8333896100891455,0.7518545647814432,0.9467751913653624,1.0420026469428256,0.7380031655233444,-215.77146864459328,Good
28,1.0291832222027388,1.1853385722054635,1.3080598808239332,1.2233821710770694,0.9494129152642425,1.2755897343904787,1.0670706695852632,1.2840253455605548,1.2442059526384441,0.8547722752793406,0.7648539215905994,0.907875327204557,1.043739556844045,0.7182777698409106,-197.790663826784,Good
29,1.0462768965753564,1.1836958922553342,1.3174977154162517,1.19930360553882,0.9346598083191364,1.2763462223949311,1.0531942795456914,1.2694525461028319,1.2348902946103117,0.8699318656012118,0.7688322800074638,0.887358757558036,1.0382979973426774,0.7076432138454386,-193.96255358975142,Good
30,1.044161192919578,1.1823437609431309,1.3195568081220177,1.199828208805446,0.9337231200650262,1.27666485378757,1.052024130515783,1.2711823277226548,1.2369114322340735,0.869763740168864,0.7670011863382075,0.8885324214367276,1.0359513934195894,0.7081163069813105,-195.69838206120247,Good
31,1.0822699242290097,1.201927432525641,1.2931991709773059,1.1836682393011002,0.9424650836190923,1.2686510531456057,1.0651560032906744,1.2429402843581132,1.2034452991247488,0.8791282563233723,0.7948446411748163,0.8751735119873372,1.0692787651780515,0.7044999186442779,-171.48660610844763,Good
32,1.116704064409006,1.2105234762270765,1.2824647652702612,1.16333544554773,0.9433437545448244,1.248811105284782,1.0670023946588074,1.229778124083357,1.179230704659636,0.8967670270909615,0.8093102377153556,0.8976776202207946,1.086464524686494,0.7237778011405696,-151.92123684251243,Good
33,1.125591128058254,1.2061714722123869,1.2848167013502314,1.1565193294656606,0.9426730386724967,1.2326948287747206,1.0624147213534398,1.2357400171527886,1.1774947666923705,0.9050946828754622,0.8061144440303861,0.9296083405555071,1.0832150403857952,0.7463817126802829,-143.79654482345188,Good
34,1.122404654190449,1.2002405423348381,1.2860277517067795,1.1581101884631975,0.9455747523422062,1.2245485423344187,1.0603742799780078,1.2426660546974129,1.1836548265608855,0.9025752995519766,0.801286251400933,0.9462764535337516,1.0765453482602738,0.7581126501192721,-141.41279088512385,Good
35,1.1208842597037711,1.1925567358193885,1.27991128008659,1.1553470016739005,0.9548842412757462,1.2142664611244351,1.0602492454065882,1.2397263511083043,1.1914668521636835,0.8895846742544327,0.8030858702856613,0.9471674163839269,1.0681178774473785,0.7626600528611325,-134.57881111254653,Good
36,1.1348995818362948,1.1802042670770618,1.2654928673720816,1.12906701249213,0.968051475154335,1.1918659365716209,1.0571935271410535,1.214473105670615,1.1977438044812052,0.8673169265068927,0.8182982368202675,0.9282443866351233,1.0534770860192246,0.7614081211695221,-118.27040848835824,Good
37,1.1572213711691106,1.1742055599517986,1.2597872116951168,1.0887789321598706,0.9615691558445474,1.171560886825652,1.053999257153734,1.188977278487413,1.203292419960078,0.8565007469275895,0.8315893233866798,0.9162176362737455,1.0409242979095863,0.7595115402647868,-111.09955818986913,Good
38,1.1584558884082492,1.174974331968146,1.25830863407349,1.086510979498739,0.960015680290523,1.1702863340897904,1.0555373908684929,1.1887909298773778,1.2052357041595156,0.8548755983506062,0.8318744930497897,0.9179872270402717,1.0411324600026126,0.7597326064168477,-111.36128890847232,Good
39,1.1592449600081285,1.1687969468021469,1.2650847630329083,1.0867978960792952,0.9683713809218663,1.167917812808832,1.0473044606669502,1.1824360845949595,1.1949696914139727,0.8611787817139634,0.8346860092198548,0.9106452252438828,1.0366821808307487,0.7632015190764235,-107.04677219511882,Good
40,1.1611593050992228,1.1603006228291692,1.2862852956695041,1.0839225396548253,0.9997792425859359,1.1437533983412818,1.0535746090517804,1.1586970212628152,1.1671992448086341,0.8664022146969458,0.8497983180171955,0.9193981281046505,1.0313366385483795,0.8012923699662563,-91.47380087376672,Good
41,1.1511152280426817,1.1661615003614334,1.3042831385321716,1.0860441783767694,1.0058986200960494,1.1405965313935655,1.0754561350558047,1.1498275462642795,1.1639673894637648,0.8602766291272532,0.8537066785351441,0.9231812493262519,1.031881456028981,0.8172516953932503,-92.08553619640425,Good
42,1.1654730464221013,1.1583606139844682,1.2829488571972143,1.0818385644895296,1.014017508532759,1.1309555700518374,1.0557232558365346,1.1509829059323378,1.1564846192112443,0.8659095726853167,0.8595731575191643,0.932376740169109,1.0350380947242848,0.8163251734831009,-84.30366697553599,Good
43,1.1550152711803503,1.154701536299042,1.2587066542287528,1.073841124120021,1.0393752204501518,1.1192834696885152,1.0440676599308396,1.135494416219529,1.1367773495805664,0.8564876086360073,0.8985618435784981,0.9719284178622604,1.054412125658111,0.8204745488124839,-72.49145942448047,Good
44,1.1493430807409262,1.1534569981323954,1.2584439417799613,1.0730359432456216,1.0396288650215855,1.1209310489443993,1.0403041979990428,1.1339805727477674,1.1364623485080048,0.8548969491383319,0.9030443085215893,0.9760025047233,1.0550033703183952,0.8176612590174888,-72.57400290009119,Good
45,1.1559976590181533,1.1553158654741025,1.2537883013207876,1.0703392638525175,1.0450534344905216,1.1195571864383878,1.0452670185998005,1.1361887224790326,1.1337766642843903,0.8550792171458139,0.902769707838311,0.9729904368687855,1.058213642048874,0.8194384017506817,-71.61202458976346,Good
46,1.1557642621957733,1.1534642760694997,1.2528178504234313,1.052497845370189,1.0627009197233863,1.1280052122210338,1.0502865171756073,1.1520018393776832,1.1300799949656395,0.8544034613924365,0.903587120129297,0.96797157255482,1.0593423732311322,0.8168308946370654,-74.12881733351173,Good
47,1.1640506764844918,1.1591652873891156,1.2357508948295628,1.0788386449449257,1.048814909825057,1.1127692273503997,1.047630259270791,1.1204027086190576,1.1273882398530857,0.8481508975336146,0.9121422176079477,0.9602015690311366,1.0683465237985292,0.8110258762512331,-68.24922516389798,Good
48,1.1622181086948586,1.1560069763449452,1.233524364019372,1.0818375130806301,1.0516939914066528,1.1066376199429016,1.0471387621069796,1.1149773949281356,1.1239396195754185,0.8426952139993636,0.912545696343006,0.9501242757144684,1.067891095522021,0.8038986318752889,-67.60997383857307,Good
49,1.161215018858965,1.1546098047154862,1.2345877431801242,1.0818877114184149,1.0518557568710258,1.1012002885620722,1.04733313836108,1.1161530883333521,1.120844845080634,0.8407827965312243,0.9105945532458172,0.9507790333672381,1.068486798606848,0.8015329353171864,-67.39524263232883,Good
50,1.1625314651299365,1.1559477022358549,1.2362836074250287,1.0822199819126783,1.0504566600135168,1.0981824905470874,1.0461380072772266,1.1182327406398795,1.1175538924018993,0.8384939313459148,0.9090938552949581,0.9530279658176543,1.0702225822738562,0.7990499711416857,-68.07488581615047,Good
51,1.1384831848081234,1.1332766052727559,1.215084498586291,1.075689813233736,1.048527662016494,1.0894216621354935,1.0672233858668356,1.1107041114684946,1.128650556244835,0.8706742197531606,0.9085996898250016,0.9504587145721146,1.070964370996988,0.8034961086920299,-57.84573430021572,Good
52,1.1248572144909472,1.1226508425360593,1.2048928890252173,1.0708280327234354,1.0382777580360658,1.0835623839585986,1.0797268882429365,1.1101927823728743,1.12735511931577,0.8956511138810913,0.9062498705521851,0.9502893011356662,1.0790247239192623,0.7952710877336251,-54.032223321159435,Good
53,1.1235779637094734,1.1158036149056367,1.2069293163271098,1.0709541861399927,1.0319375831736004,1.084711913557942,1.0862416990976462,1.110057107314016,1.12173360460309,0.9122006874446204,0.9106290975434723,0.9485615896886295,1.0826352169673923,0.783875602605505,-53.638265281617414,Good
54,1.1170095677322225,1.1206508567101616,1.2020791349615878,1.0669407265343163,1.0313962207595817,1.083195787841303,1.0820507851616814,1.108272052291631,1.1215366031129286,0.9110094130840428,0.9039960239176964,0.9467377931326857,1.0859310500585317,0.7896324461952623,-52.91452662691873,Good
55,1.1133492993214567,1.125022079751828,1.2022879406226976,1.063652627980546,1.0322248114337105,1.0843208627539849,1.0757082245025988,1.1033470866072592,1.114959728435551,0.9139352142399787,0.8993801564524553,0.9431065959522573,1.0891757690832145,0.7929174901434723,-52.305226714943046,Good
56,1.1164821804898342,1.1240494765345046,1.2023488849575843,1.0627135698765302,1.0390608057633763,1.0885102839951746,1.0751911632961377,1.0925656521056764,1.1098057756636304,0.9158845696316905,0.891046890191328,0.9482425183279746,1.0864915939647113,0.7914236729263558,-51.07764072778067,Good
57,1.1177450296737015,1.1218681700902506,1.1994288657198513,1.062026113161735,1.0429211950332367,1.0939267590263029,1.0784530692585386,1.084347462091003,1.1094861499538036,0.9160178689317025,0.8802979512148327,0.9557576282937624,1.0830512885185124,0.785268671976972,-50.74786773565056,Good
58,1.1188697087063582,1.121069901547917,1.2007637535837037,1.061895982677192,1.0454443045033142,1.0903052251860208,1.077314950969403,1.0827981314753186,1.1105371696650763,0.9184150738843937,0.8828198670875784,0.9556013541949548,1.0849128836170752,0.7877944037716372,-50.780341185755375,Good
59,1.1182302701762776,1.1200336924492702,1.197238969526582,1.0623533601734423,1.041964988125579,1.092442352703697,1.0788534065427768,1.0843751444331007,1.1045221584193947,0.9163717050515576,0.8833344150995718,0.9556435961923243,1.0802528344746904,0.7902505896881974,-48.600008022196654,Good
60,1.1177999483222754,1.0841551017515731,1.1515514396991455,1.0558745877230216,1.0204191389019883,1.0851746153256356,1.0876996451848255,1.0714302501059816,1.0546579394222901,0.9206374894283377,0.8985537169264283,0.9705328220924256,1.0422323481609381,0.827589001483665,-28.482159223201347,Good
61,1.121834857475298,1.0467343421132291,1.125613448967172,1.0416435590408386,0.999884895026383,1.0845483867250367,1.0825590269225684,1.0588446509902791,1.0351953885545768,0.9169419554734841,0.9061590334379916,0.9785021632595894,1.0368534696703917,0.8460081263237135,-25.237342230478898,Good
62,1.1191612976653025,1.0562733514727756,1.1238063285880624,1.043534480479078,1.003039132769538,1.0809503529092852,1.0842925124464833,1.0599056960577005,1.0344966708045036,0.921441498162817,0.9076162543418264,0.9795068473905609,1.028394578803745,0.8439276145978275,-22.900631079535625,Good
63,1.1139932317066454,1.076594068577457,1.0899370037104734,1.025936938333302,0.9972854189906714,1.0576846104872473,1.076057863175897,1.0502393300146626,1.026572934090915,0.9418232680606172,0.9255142129193658,0.9935399126534041,0.9826322088408437,0.8346683662493493,-13.47765582263334,Good
64,1.1182673682636792,1.0819976137760943,1.0807754184716287,1.0112475765604603,0.9941636311181858,1.048225803857461,1.0662609153700113,1.0449512575767834,1.0316754298986037,0.945644815902045,0.932058576868233,0.9979461723127647,0.9750379831031538,0.8244023790776411,-12.767993252199751,Good
65,1.1154542952131712,1.0822807950570683,1.0797264032700118,1.0144032927226438,0.993583611225568,1.0498033672668263,1.0684795183493074,1.0457477617756004,1.0296708922354465,0.9463522278841153,0.9319855771208029,0.9991977569251844,0.9730878707431346,0.8266045081948252,-12.404114244614984,Good
66,1.1005966609931932,1.0844894570322163,1.0674681058488225,1.0199347499389098,0.9842637418951016,1.0548833302605638,1.0675678617976805,1.0443759954324003,1.0297607364768073,0.951344202945438,0.937085148372492,1.0158354033274195,0.9665629558355787,0.8273191829043888,-11.55742266420498,Good
67,1.1016651486664275,1.0849734872018344,1.0673992103820698,1.0196047583510623,0.9843912201056417,1.0540902886721195,1.0686755851271208,1.0443553259613967,1.0293338582026867,0.9510141712898691,0.9364763607040177,1.0163527107929489,0.9655671738768459,0.8275563421341757,-11.649675569287906,Good
68,1.0966645925242873,1.082083387169814,1.065825116175053,1.021643524810579,0.9865288798464102,1.057018267219564,1.0619135166955553,1.0454208557460734,1.0303900613813382,0.9541492474294505,0.9408274819509768,1.009339696030781,0.9679511451223392,0.8260457905638541,-10.585982481513971,Good
69,1.089369579347399,1.0741990709999925,1.0530182443739873,1.0273323140009412,0.9948576624791332,1.0612671311906094,1.0488253782112218,1.0498730731503405,1.0313474557208848,0.9622092942943443,0.9474185458237182,0.9963850749814552,0.9650918815621531,0.8210524540367103,-8.55932990872693,Good
70,1.0957243207419067,1.0660523864527174,1.03733531463256,1.0308758998253371,1.003363992978665,1.062293100740672,1.0453368059335528,1.0565791630308776,1.0301200029491668,0.9661020865861152,0.9410033686266166,0.9984757561953173,0.9588480441391362,0.8146822350307182,-8.683441149033325,Good
71,1.0859828090842427,1.070117644124949,1.0398445068889246,1.0306907363787468,1.0002742865640388,1.0599565181464135,1.0482962234114759,1.0488204121897875,1.0341728999657631,0.9630870708042355,0.951090462863944,0.9883697526899738,0.9554284719843547,0.8209554066353433,-7.35737753396438,Good
72,1.0812582348892534,1.0676474200769925,1.0296087503201143,1.0304120770649963,1.0002610470886402,1.0583226770757104,1.0579766301336155,1.0381892157268937,1.0432675632693007,0.9582281592459256,0.9543302084965279,0.9817631512094501,0.946485012728736,0.8237561656001302,-7.117946053269582,Good
73,1.0823201081388616,1.0711184815494,1.031122042074082,1.0324981129794326,0.9999908000096593,1.0516029404767895,1.0504135571907531,1.0456171752977845,1.036989008408649,0.9548932527334895,0.9589431570434733,0.9828819918399585,0.9442192431439032,0.8267388700571077,-6.682259913309335,Good
74,1.082488963183411,1.071756655600372,1.0310706456133012,1.0337096110133355,0.9996699865935024,1.0501890106921985,1.0489867470652776,1.0481351732242108,1.0366664531456256,0.951335566259232,0.9610415261970819,0.9844673777499572,0.9451232390302929,0.8276523613277244,-6.873182729221532,Good
75,1.0795163128709393,1.0708241770430815,1.029983547552685,1.0326043450798694,0.9954296724800112,1.0452686647347356,1.0464468127732383,1.0410145916188647,1.0335358845932148,0.961444174395729,0.9533410736301715,0.980310353315426,0.9359422488222671,0.8295377508714633,-5.930357755572551,Good
76,1.0765319734303829,1.0697891185170836,1.0296482278233257,1.0364478549886622,0.9881823526502589,1.0390234805935632,1.0405318059772797,1.0364001049973635,1.0340311795149113,0.963625493630369,0.9456407864321267,0.979120968292085,0.9331565253503096,0.830769659269966,-5.945252845683919,Good
77,1.0753362681312895,1.06831353222933,1.0281075773318502,1.028543709338384,0.9934130306419333,1.0415595331166911,1.0448300437418274,1.0397852681614306,1.03147705753543,0.9669311418202414,0.9496783976415721,0.981291597213353,0.9287961502875755,0.8341210907248542,-5.346875492309507,Good
78,1.0646536375685698,1.061551909302298,1.0260007013617074,1.014475574251596,0.9965849820484551,1.039425694010418,1.0442274132732388,1.0465502229403723,1.0355005275666542,0.9690239963976804,0.9464464263058638,0.9840465716202996,0.926344152712613,0.8425702755409133,-4.758428866338463,Good
79,1.064348300091568,1.0627914419010276,1.025897169144638,1.014886767828622,0.9967037098404121,1.0392366803010196,1.0449190734935734,1.0476680590242033,1.0354028102524473,0.9697365026772131,0.9469456397341409,0.9836761166685942,0.9284889587877907,0.8428557144179537,-4.754836159270123,Good
80,1.0628835197894662,1.060693386921269,1.0238126414845032,1.0134828538828848,0.9951798699477962,1.0365600129253967,1.0439837594167853,1.0453713424174278,1.0340157085624537,0.9690555713873189,0.9458755633918594,0.9834131674091642,0.9266945541376107,0.8422369002587216,-4.584088533468893,Good
81,1.0541628377791525,1.056331622110384,1.020068331652787,1.009162252208391,0.9964778499884058,1.0304879472651296,1.0466442642632376,1.0428141886830367,1.0226800247609384,0.9659982536132165,0.945990144542803,0.9834645195189488,0.9306174975195394,0.8336339484602608,-3.9253894268124547,Good
82,0.0,0.0,0.0,0.0,0.0,0.0,0.0,0.0,0.0,2.0,2.0,2.0,0.0,2.0,-3213.0,Good
83,1.0512061125745549,1.055062167685036,1.0217398263875357,1.0099265953958871,0.9983774731263229,1.0288563720098518,1.0495129866828212,1.0408865503712634,1.0201598011002209,0.9646188279025077,0.9436057345772864,0.9837028099993892,0.9312740922106515,0.8282258720572113,-3.899623774669025,Good
84,1.0526498164269225,1.0575533784210553,1.021212952659882,1.009584577642895,0.9977490988855056,1.0276112988751929,1.049109625043552,1.0429039272607292,1.0196262582986297,0.9642037497341093,0.9465869075177463,0.9843688894044988,0.9325017862884732,0.8282877924627194,-3.9633854608088894,Good
85,2.0,2.0,0.0,0.0,2.0,2.0,0.0,0.0,2.0,2.0,0.0,2.0,0.0,2.0,-9213.0,Good
86,1.0524645067590972,1.053716297751763,1.0219167533542013,1.0107368669746466,0.9971198066787007,1.0325091771933823,1.0487173452698475,1.0428899529805924,1.0188329032874754,0.9624222918301363,0.9422119758658379,0.9835240365953931,0.9310255063693544,0.8295729081022835,-4.024964126180859,Good
87,1.0528981715973942,1.0516953913074603,1.022265393400829,1.0119304216412597,1.0015371773659594,1.0247828471812206,1.0473780518121676,1.0374454139288152,1.0231717263031062,0.9688658220215446,0.9474946234120251,0.9873237348755748,0.9350882124190562,0.8320274261685328,-3.6457489750814447,Good
88,1.0534638797482547,1.047888487736577,1.0224927617245454,1.0135806070451838,1.0030017682337926,1.0239702584410055,1.0482156479911517,1.0373881879059577,1.024516786801367,0.9713003596068106,0.9470862561101353,0.9913901275631609,0.9374087592030974,0.831549149178601,-3.745113928707018,Good
89,1.0528675683233895,1.0529292301016824,1.021470817543037,1.010956645515771,1.006637163865043,1.0251500227953287,1.0440194826284146,1.0321945226354183,1.0217211920883855,0.9671689823025678,0.9469934660737057,0.9881162460236779,0.936580690491577,0.8358262950992464,-3.526036109515434,Good
90,1.0534528490413282,1.0540862091278742,1.021461212413651,1.0111115646814934,1.007108114877369,1.0270189941080656,1.0436251842849014,1.0319971165847004,1.0199952057236397,0.9663809271273621,0.9459406518139442,0.9889683047064854,0.9383152223886297,0.8349878738236972,-3.6307993022627842,Good
91,1.051182607093221,1.052792077697678,1.0210104664533213,1.0096468315363585,1.0076911199273715,1.0218993695123806,1.0450680213802144,1.029531757189476,1.0221142790370727,0.967044183950439,0.9474646913547374,0.9886760200167894,0.9325481067252872,0.8327648897956426,-3.4991465694025132,Good
92,1.0512032759994965,1.0520368422785256,1.0206676672376946,1.0088815654185885,1.008736097274161,1.0227875942188804,1.043318010789851,1.0306393795888076,1.0206578272772728,0.9673676246398331,0.9486978058462815,0.9886569295431615,0.9304680561165529,0.8319593951881559,-3.358569983550379,Good
93,1.0501906003640678,1.0499964647492688,1.021271940617349,1.0088031964654545,1.009367214532349,1.0245448345040287,1.0382924702401377,1.0303118768459973,1.0230019635311436,0.9672843401478473,0.9529385509349888,0.9906424603475215,0.9263123712007739,0.8292456732730653,-3.1996427500054936,Good
94,2.0,0.0,0.0,0.0,0.0,0.0,2.0,2.0,0.0,0.0,2.0,2.0,0.0,0.0,-6413.0,Good
95,1.0505064266178799,1.048339695802821,1.0213517520487703,1.0094449250169741,1.0100366653641335,1.0254114812233153,1.037669952112791,1.0293648448408053,1.02317093825016,0.9659176836477549,0.9559653913759683,0.9904534494634479,0.9267018325334803,0.8296762925755872,-3.1006412420357874,Good
96,1.0461758625785782,1.0473468745022756,1.0210758715545305,1.0089435558646578,1.0082171278839662,1.0264985498355264,1.0342194723124716,1.0298967146891997,1.0220921115833588,0.9641341168145745,0.9574429290226987,0.9889888179622965,0.9260174393326382,0.82957017758702,-2.8902658461702098,Good
97,1.039863736928535,1.04403222202506,1.0208284842939124,1.0109784246098583,1.0064082068011049,1.0287235450105747,1.031519945709263,1.0287739740533814,1.0215417331671317,0.9653114660655188,0.9621603776102043,0.9870550460308893,0.9265297678693439,0.8315849110594089,-2.4911540869042854,Good
98,1.0261841428145309,1.0409065480101385,1.0155544008419937,1.0155669025906033,1.002566801139422,1.029363330081732,1.0295434611437417,1.0255955236181709,1.0192722466247768,0.9711970238632218,0.9681829109603731,0.9826775492201915,0.9247569800485407,0.8364842621225022,-1.8989894213043472,Good
99,1.407883565052723,0.48300686918660474,1.2026533589303385,1.0688014391292173,0.4402869575082389,1.568874474461636,1.155425071541163,1.2205773734534713,1.289819604941588,0.7943143399160839,0.8961941946355554,0.6335765017794757,0.4594774282795926,1.377093643609872,-970.6971242572982,Good
100,1.0136717071041084,1.0434735733615788,1.0073007531001383,1.0199946801265176,1.0025474639008005,1.0291973601417794,1.0315754709499925,1.025259213622209,1.0181038620020728,0.9784327150693278,0.9692751712342658,0.9840970517282975,0.9178551305600343,0.836285326759506,-2.0557277397277414,Good
101,1.0224318788536069,1.0393167657931894,1.0116679270675821,1.016499034194918,1.0019838498952107,1.0283175748692037,1.0305274594348193,1.0246712572090004,1.017594516391351,0.9754334801329401,0.9706140447908365,0.9798506116725567,0.9239587114872886,0.8390729623906479,-1.6562517657458733,Good
102,0.0,0.0,0.0,0.0,2.0,0.0,0.0,0.0,0.0,0.0,0.0,0.0,2.0,2.0,-2813.0,Good
103,1.0230274669335087,1.0334064859978744,1.0065274509669395,1.0130363905750408,1.003078650178682,1.0262148034600826,1.0303445669847908,1.022460589976969,1.0150881194109165,0.9801066210661192,0.9766115739254069,0.9732767254496438,0.9234973006717185,0.841762833650014,-1.1825413196816366,Good
104,0.0,0.0,0.0,0.0,0.0,0.0,0.0,2.0,2.0,2.0,2.0,0.0,2.0,0.0,-5213.0,Good
