,x0,x1,x2,x3,x4,x5,x6,x7,x8,x9,x10,x11,x12,x13,x14,x15,x16,x17,x18,x19,Target,Hypothesis
0,0.8719898042840075,0.051852463655782666,1.0993249557574183,0.8706447852365538,0.8407356041749781,0.6606696420077482,0.409297268075685,1.2385419327013274,0.5993093473490463,0.5336545502057333,1.2422676655385898,1.0582841885540781,0.2691598906898671,1.0271562425314928,0.36887973129383056,1.570670295633347,1.7079505852789776,0.9884736747638556,1.693122970714936,0.159290954018122,-1.5889756998345177,Good
1,-1.2801019571599248,-9.481475363442174,0.9932495575741829,-1.293552147634463,-1.5926439582502194,-3.3933035799225175,-5.90702731924315,2.385419327013274,-4.006906526509537,-4.663454497942667,2.4226766553858976,0.5828418855407804,-7.308401093101329,0.27156242531492936,-6.311202687061694,5.706702956333469,7.079505852789776,-0.1152632523614443,6.93122970714936,-8.40709045981878,-208.82945986650122,Global
2,0.10492180243407923,-8.694269912262438,-1.4375534480522116,-8.069381686787748,-7.456800565974451,1.9349061795719162,-5.4797599879152825,-7.861086313800341,-5.593875858588806,-3.0034742999340143,-0.6442503083539961,-5.965135474700693,2.8081345042982964,-0.3386032889649666,0.10473440037098314,-2.262146977628814,5.872749088831542,1.6000835775561324,-6.754028029953723,4.015046932143125,-197.78643067657046,Global
3,9.291021601785104,0.00016722340433439342,7.7904012789229,-3.1677269465778064,1.342882552554185,-1.4490807340777998,-1.26505473946402,5.531183699942005,0.7120834699531269,9.074844538897334,0.8841632029620428,-8.358101554499504,-2.673151966499592,7.017010080090035,-1.8744991390409833,-9.455952682103009,-5.056455220052934,-8.657112585260906,9.877040228425457,9.411606267543469,-265.6187351153806,Global
4,6.005167022651737,2.0363424281093483,5.299197209033631,-6.615491068316441,-4.139535363611204,0.481337506007284,-2.867514377544822,-9.086420695091999,9.663068907144254,-1.1729016129030647,0.08000878758305241,-3.5291736493060233,-4.805104945057259,-2.2622022935847514,6.640337992690018,4.7349411257422584,-2.4157886611672508,-9.739653266108988,5.948098780651872,-4.612224048073976,-289.72843582494676,Global
5,0.0,0.6562089705067027,0.0,0.7727286220303932,1.3954864557363442,2.0,1.9604339338050503,0.5413616658514373,2.0,0.4272999301505356,1.5431257976657873,0.23789115617990406,1.0688324241805585,0.8168672237608715,1.6210359452733114,0.0,0.0,0.15988479695504626,0.0,0.5770263170159045,-3.865347104801224,Good
6,1.7230552451599719,0.6123074492685854,1.355768956982592,1.2208679267819422,0.43404576897266023,0.3537838534146245,0.33771702692948713,1.4569131647610396,0.17135850872457548,1.1837117270222886,0.2933835673604963,1.180873245509903,0.38918017095485236,0.7845726033443401,0.06112542317032754,1.859483128929211,1.53646043575811,1.0533477457844385,1.34822357269651,0.3787521182351137,-2.418256025703448,Good
7,0.2630395681807495,0.0,1.4293208790639107,0.4599892587750882,1.0470160699207904,0.25118995314125475,0.0,1.3728369355187118,0.3149123735177235,0.0,2.0,1.396958377201436,0.0,1.4822787324520188,0.01408567153008353,2.0,2.0,1.409860540121704,2.0,0.0,-4.4335140824094585,Good
8,1.52669582766071,1.7093506843178148,0.29681119168135983,0.01939651495914929,1.6710376343187658,0.6656226206446616,0.5497508894972549,1.6911604274337702,1.7385745549447469,1.1039152889555093,1.8990112162216597,0.38368192137124324,0.5223783024730837,1.4625105333384252,0.8772143086400856,1.0879294382810065,1.5730990197632397,1.0809303131044945,1.6273669469665648,0.37026733441514814,-3.370343249791897,Good
9,1.7872998516687328,1.0162327856086195,1.8682903413470493,0.3096034317091698,0.41203244469403066,0.9540071453362591,0.3623499671021744,1.970423343236661,0.8703928303786521,0.18430853818359982,1.7627329817705713,0.9461711755034046,0.25492817219576125,0.2233714882398805,0.33885578736665956,1.7801602863346153,0.39848618228429333,0.49999622486299566,0.6723450243886777,0.8122739464636966,-3.5256696349314014,Good
10,0.6374657173942098,1.2735434894696027,0.9076535752341709,0.6630262850391339,1.1788511155620167,0.7728164036461619,0.9428345476659418,1.342531168351899,0.9092916000355414,0.652356214819983,1.4219044846784437,1.002912003293155,0.6931339207759276,1.1973198145750694,0.5358342084636182,1.2838283891801006,0.7424858450578715,1.077237815865236,0.5695212463109084,0.5563521333245101,-0.7551181970017793,Global
11,1.2765448909616157,0.9420349665815556,0.9600541407512831,0.51732166918012,0.9808496326790362,0.8689052786025893,0.6415192850456484,1.4807715298162472,1.1060144648050925,0.6826099404266784,1.4621777732137555,0.7469205443364185,0.471065369953134,0.8920265487600817,0.6240676111508994,1.3122448998748386,1.0614331092662972,0.7932302392322675,1.104889658068183,0.48423239710846533,-0.8049241277710516,Global
12,1.0464062081792351,0.891672974586952,1.267323005171838,0.8333840596171153,0.994492358055031,0.5762203966928855,0.531279811692624,1.6677965593977782,0.6296990495400436,0.6266308017024323,1.4103451647861691,1.2699488988358387,0.4420041305763771,1.044455656340505,0.2871227895855379,1.7388033671630156,1.3052599734191273,1.2203397184177156,1.2565044510400811,0.44434789393677143,-1.426895894346196,Global
13,0.5272922267998419,0.8846022519551202,0.5886158320893038,0.4021133330463503,1.1190301222376164,0.9340350545585029,0.9414938277622721,0.9367443748055884,1.1454183726363827,0.5904740388209788,1.395311250170219,0.5375774213331057,0.5934652215660334,1.1927463866456807,0.7279011617389571,0.9048142577752963,0.7473167785621819,0.7007512700912398,0.6128327747819805,0.3806617741691644,-0.8204667114265498,Global
14,0.7455789285596942,1.0360791348590794,0.7009808346473985,0.7724667040925357,1.1753747032466897,1.210976077810242,1.1903536158549148,1.1631685573015846,1.3033970328072695,0.6754470594515202,1.4073535298531277,0.7907314211257167,0.8337334285814234,0.9491762188959169,0.9636610134685487,0.9559937349062136,0.6897135135295703,0.79428981416037,0.6123680077596482,0.6368985320085473,-0.54269069031257,Global
15,0.8201657211771035,0.9815914199724441,0.7604292428335097,0.7672488477325007,1.1055505562352028,0.9562582700633536,1.02604065153401,1.3320461498486424,1.061168791871867,0.7267387231279624,1.2613844890199426,0.7672724273032652,0.6045929076027984,0.9943402538998705,0.6211293738615349,1.0596236922124769,0.688860276580934,0.747827537410421,0.6819398731173355,0.4553712865211961,-0.4685989298501232,Global
16,0.8658314286044204,0.9206004436600574,0.9617269757435912,0.7082947152581937,0.9937771785879772,0.8845427566459453,0.8974089484278988,1.1581564222942862,0.9362353607589996,0.7763317608618587,1.2072630182102615,0.8077223423092171,0.6705554616827537,1.0852383107602552,0.6560694699545804,1.1058771603282094,0.8254537863827557,0.8185907265124948,0.8004540695450678,0.6399450440445739,-0.2831163582463487,Global
17,0.8457287032667071,0.9066369285074506,1.0307452317215344,0.7476829778496941,1.094454859147994,0.9743460984176172,0.8704128318618345,1.1946091529998355,0.7970943324454611,0.7437325626144118,1.141293286956284,0.6324618898302495,0.7370991045853572,1.1337607610825862,0.6911390561759838,1.1714843773587647,0.8711750700583349,0.7896562017278759,0.8395955061728567,0.6933133853229742,-0.3174008784119483,Global
18,0.944867280022009,0.7828892175150949,0.9584641696308609,0.6854999549384682,1.0543072289190358,0.9516336548110866,0.9411169050905236,1.131087654611722,0.8942522885332053,0.7394210056146534,1.113467331665145,0.7369858898497554,0.6705986990846474,1.0915769846507264,0.5883305592620749,1.063618177688115,0.7956297637283306,1.0276995752761897,0.8570064577007586,0.7422183454775,-0.2643954172210483,Global
19,0.9740649776493572,0.7964189612028284,0.9586800511651145,0.7776637019860559,0.9533954759303646,0.8901616817090207,0.9723764502613157,1.1565977957723232,0.8828828764021425,0.6936335158811751,1.2031461896391846,0.724151538195773,0.8647817013600667,1.1233710468843414,0.5195870936050517,0.9808138380906427,0.9574271066176653,0.9063871011235889,0.7937318564057383,0.694581656625527,-0.26133604924027326,Global
20,0.9171176018095952,0.7933801714812454,0.809217237320233,0.7284559163784046,0.9962850364720477,1.014573682523043,0.8375162391933418,1.1902014723525516,0.7505669882776453,0.7749371792464751,1.1615915751114871,0.8593386908417908,0.7200597017573042,1.0593064498382196,0.6197309519003362,0.9456644881065557,0.9650893696087349,0.8893272687357608,0.7834380784369527,0.8079684271921991,-0.27473107408645,Global
21,0.8391492797748107,0.659542588455342,0.9340341739452238,0.7678621122606144,0.9183002540783016,0.8779175235572281,0.9234517972651873,1.246807428408548,0.8963062311868896,0.928094427051571,1.1911132887012568,0.6877364067179589,0.767306213917537,1.0410716093282972,0.7007125866416009,1.0656360817054977,0.9581265892363309,1.0078201447230342,0.7301027745569233,0.7388374328062619,-0.2929162605577169,Global
22,0.7973068190166349,0.8344995385727951,1.0425467195700995,0.7888587077933651,1.0093498277782522,1.0593470184016864,0.8748740366759956,1.1022797387690457,0.9898306274438704,0.8271300620076238,1.0513852609990402,0.7804563074220591,0.7323092577121084,0.9751851471061039,0.49682693456916127,0.9609158972551515,1.0608751118500814,0.9505535166676637,0.8148022537662755,0.7082607744153443,-0.23975813523654774,Global
23,0.8773290293768549,0.8137416592022517,1.020667639812608,0.7734052931861892,1.0379032091776297,0.8576553706600071,1.0879884361947567,1.1180178355821764,0.8653680980282036,0.6952677252147696,1.0163394204762002,0.8038482851358084,0.6345229219463114,0.9605486701483084,0.7184463082330492,0.9294169950909535,1.1212596983927752,0.9294556913079568,0.8139398940002776,0.7332201393801414,-0.23689671382842237,Global
24,0.8326878526042176,0.7772202391076221,0.8642985737047822,0.9545623273420949,1.0800051544764508,0.8037960816821474,0.9124402306013643,0.9842130593762171,0.9507420415929747,0.7346998594162705,1.0896342528615772,0.7685830234119975,0.7553537101614157,0.8731879152482406,0.5940586910000413,1.052266075081996,1.0002761465274688,0.8975045032669838,0.9100090741525629,0.860138726442991,-0.22739972961826063,Global
25,0.8526371786009551,0.6188975383738018,0.9677036181212015,0.772556204177165,1.127260188703007,0.9598781068330228,1.0846786147727103,0.9849197616720359,0.8763851105718062,0.8823755964318692,1.0369210085288172,1.0067771759335644,0.931010579861052,0.9512435677509727,0.6543893594431164,1.0436890150982054,1.0064503356428103,0.8437443958777382,1.0232270363358116,0.6590346900000597,-0.18330724682374122,Global
26,0.9233871909774996,0.6968336722332972,1.0136830665365282,1.070211272342771,1.030763952798829,1.034365053674067,1.0022587876101594,0.8494316793060382,0.807442337383593,0.8700513967193553,1.1895373800147884,0.9198194580470919,0.739525158246591,1.0301624236706934,0.7483377775860235,0.9262153692264661,0.9998300382649138,0.988426251361289,1.005845764057021,0.5757281864397414,-0.16897593767541447,Global
27,0.8874669837509791,0.616690970429817,0.9142828759959862,1.0153232812395598,0.9521864505711168,1.09108432438127,1.1413702249549382,0.9222402418707814,0.9802278839298427,0.8196581641039424,1.0635602891263591,0.9822819323068159,0.6807661648521658,1.2234983087790139,0.65629350645254,1.1440364235912215,1.1070959159710978,0.8527617404480995,0.977529116407726,0.7851653743667767,-0.23699858597528684,Global
28,0.7774137884716181,0.6806432470966395,0.9664158969469332,1.0052789788566383,0.8983581952949775,0.9553509602229497,0.8606552029461447,1.0794789588037481,0.9605017131818601,0.6635737914420332,0.9088313015474012,0.9923801019459871,0.9193481770834664,1.0793672201672113,0.8575423138735258,0.8672270643894849,0.9269922717953742,1.0013197729980643,1.1430366019094842,0.6154323445984774,-0.19726515308510456,Global
29,0.9488647109936058,0.5616167017908552,1.0843327109697536,0.9901323369932462,1.1919717978618563,0.9200988755751917,0.8311834922175616,0.984197870746227,0.986176947201099,0.7582844884466137,1.0548787191913802,1.0275707525995472,0.8158227799431524,1.0894308841402935,0.7769647484189408,0.9077989870887025,0.9886988281826005,0.9013760761078653,0.8724293777612205,0.652921674241882,-0.188795066881898,Global
30,0.7662062812201919,0.6360937859643113,1.0835271208279231,0.9421377636925132,1.0295604389531838,0.9549045230432605,0.9950908748559726,1.033422535331806,0.9071102829630344,0.7806496743481574,1.2001714528469034,0.966165652330073,0.7769053607586243,1.029629007208883,0.709098009272168,0.8436831704853738,0.9548139292489071,0.8987179610949665,1.1252985260321027,0.7434077339979931,-0.23455901934562906,Global
31,0.9685999043351765,0.6937494199876991,0.9727836919333764,0.9454588394966259,0.9310649306123786,1.0384807579855588,0.9261670950037355,0.9082602619547241,0.8613275741986665,0.7203137398347313,0.9710738379466178,0.9691295481726566,0.886225429538048,0.9176247766935071,0.7767315980815286,1.0843137024996203,0.971634102897114,0.9761419312680978,0.8796746274396308,0.5819539353999812,-0.13943236870793083,Global
32,0.9973478190243071,0.7744335872176784,0.876575089100727,0.9473674011260379,1.0148717617196494,0.9603700612526823,0.9232605636677875,0.9234921152864107,0.8962195900481764,0.8628328617830686,0.9315115379610983,0.9136851259488589,0.8876161185316993,1.0694339628678728,0.7817186074320374,0.9956960950512135,1.0371323936367587,0.9708357129570561,0.9586136873729348,0.5842467585491407,-0.09797288583502708,Global
33,0.9069749485484184,0.7323229492872462,0.8880990685934231,0.9325531934787014,0.9849546884665288,0.976257744900851,0.8875459566273954,0.8852605089015061,0.9705899293365555,0.8370305075207327,0.9858124300256897,1.0131552798805954,0.9755228213834208,1.0603013556721903,0.8418606996372329,1.017160363335798,1.119212342733382,1.0049280432662138,1.0507215285466251,0.5950634106600792,-0.10459701604461895,Global
34,1.0042473361493267,0.8073113110760805,0.9597341353567502,0.964638306633062,0.9778508878420337,0.8936512628139324,0.9694601591672776,0.9423926412600437,0.9848815484985912,0.8407010210092276,0.9270738907652052,0.886556360946456,0.9035043436452739,1.1035650398388492,0.7471420494723675,0.9737740673104425,1.0298317433156752,1.072360669370078,1.0680022199831407,0.5418445828148573,-0.10332911917788666,Global
35,0.9713821695528388,0.788637897613067,0.9986029115805207,0.9563029480404246,1.0757866703666663,0.9968192394921661,0.9590958790751309,0.8789311029630538,0.9152048470022527,0.8186604036822719,0.9475117615629876,0.9055977099620383,0.9105561106750575,1.0751503488366903,0.8876993430234468,0.9384381617956367,1.119125142622535,1.134303357545656,1.0867114370196849,0.5243100762888857,-0.11007362285434014,Global
36,1.0004753334026038,0.7908280753529318,0.8879235085267857,0.9781420502306144,0.977130725365846,0.8883178083470682,0.944069593527096,0.8389645257062553,0.948274857981895,0.8627090573667644,0.8835861228748145,0.9255368579649671,1.001214639625059,1.0389228765229255,0.6988244704236802,0.9350655952483229,1.1112122817007404,1.1562863102590968,1.0156094252103276,0.6619140215926329,-0.12603279504742537,Global
37,1.0373344809452534,0.7861838406516968,0.8771436457200618,0.9463785430615939,1.056248553770164,0.8856192955811718,0.8044737854626973,0.8963146704711811,0.9529604003302562,0.8323412479690928,0.9574884772527079,1.0124080951831884,0.906539360206631,1.091363155528103,0.8291508602706997,1.053557515340967,1.2150764284751077,1.0571411199454068,1.1019792197748535,0.5025332519235595,-0.15098219234372712,Global
38,0.9331772644474451,0.9218827253623443,0.9791621999280118,0.9440866187603729,1.0375362637827976,0.9814380071179737,1.0369013995595788,0.7782386742914236,1.0071473232293329,0.8640557259154162,0.8389668792843454,0.8578238772963438,0.9682245341949816,0.9933557061594964,0.8651571139296664,0.9887325931316663,1.0741706447632047,0.9748488487258622,0.9868755278805358,0.6249425103588732,-0.08244214510126997,Global
39,1.022290823616983,0.924388747468826,1.0650829537256026,1.0676727348963928,0.8982595130131739,0.9597627628937757,1.0031348302706355,0.7818868507432609,0.9085253871134766,0.9305076789605582,0.7720971202838902,0.9657453213721624,0.9122107193705541,0.9623684666430783,0.8225217151446385,1.0008537147909362,1.0428983492597024,0.9753762805703191,1.0227087258840313,0.632056120557655,-0.09006354871154582,Global
40,0.956869577721958,0.7359509507449477,1.1140759876303887,1.0105884604148125,0.9975780753564322,0.9511465621822335,0.9471036116364062,0.6999776522804074,0.9545625526972376,0.9462952039792858,0.8564889834951216,0.8436584656258103,1.0428103700527438,1.0843181754094104,0.8107474693997077,0.9251867501553388,1.104840448847697,1.0125469039036672,1.0700326405294516,0.6885989810954279,-0.13131551273738382,Global
41,0.9350570927956371,0.8200600583335079,0.8888292658072583,0.8901308111199805,1.0496778217892637,1.10336245415542,1.0482562017536183,0.7674427273320301,1.056890541041984,0.9574558989762454,0.8669988177305074,1.0639794110760314,0.9734465657354348,0.9720565181185398,0.8437003839961094,1.0374792279321092,1.041291396924949,1.0127943590318693,0.9334826702285347,0.591043726459763,-0.10098743569778743,Global
42,1.0541137800523166,0.9693084722019956,1.0042089592680217,0.993259693992499,0.9520332427577483,1.00760002519495,0.8314381924622041,0.7167721706154943,0.9069136370127823,0.9859770988720434,0.9351596516814544,1.1093386679537345,0.9629310665411047,0.8714253579706202,0.7936156410277395,0.9632638083966795,0.8612793454975554,0.9478760793040608,0.9157854420249543,0.6909320128816218,-0.10590912391214874,Global
43,0.9929791754192683,0.8614300818848326,0.955935297715434,0.9476593884603661,0.8921237558875224,1.009739206724359,0.9453955815582373,0.9563696285530068,0.9470825219151106,0.9561927136629013,0.8422272268884585,1.083124638488387,1.0363828213441186,1.0696044864946348,0.906895937294778,0.8045020870881527,0.860025967178166,0.9632702094977535,1.0321099032485637,0.5502160218530054,-0.08609547843521986,Global
44,1.14223208095987,0.9677045981893042,1.049715582653856,0.9347460810533303,0.8501797848853649,0.9180427833528455,1.010190439887843,0.9162010616007018,0.932369485315811,1.063641499259933,0.8650429443135319,0.8434087723430436,0.8915368292475463,0.8762726360204314,0.9592231814480502,1.0472456621645256,0.896933788650692,0.9969584295901138,0.8054649607348092,0.6740359190125184,-0.10984178640916553,Global
45,1.044136161859818,0.87559665330407,0.9147933671329446,1.1177850526079238,0.8039295328557611,0.9841001631715066,0.9518618717061581,0.8824658937507686,0.9406119214944515,1.0471637498739996,0.9117769478900578,1.0397203438939504,0.9951809967383145,1.1165877215254028,0.9700459296472684,1.1303484653768447,1.0249583393838522,0.9208112151602524,0.8372221061630922,0.6019600078583666,-0.09629596205738182,Global
46,0.9178196555470243,0.9551272346146338,0.9920586069224308,1.1712297606278115,0.7852042060590253,0.8233586295504682,1.196505231485266,0.7938954121100098,0.9763977942360275,1.0625301386143,0.8081546083610368,1.0556201821660067,1.213538533413968,1.0026083826947045,0.9098972373584403,0.8985460297547102,1.0229973945241337,0.9785384443505449,0.953259001657011,0.6435321054746156,-0.16338335488406808,Global
47,1.129775318238353,0.9333918138631686,0.9776240015890929,1.019850687364476,0.777828494172203,1.2208026905396658,0.9116858961878026,0.8804382101041954,1.0184869445999916,0.9421672190187035,0.7118442974453625,1.0505531131456955,1.07912579959566,1.1014958671696875,0.9984588083780824,0.918398239089054,0.964084886819538,0.9793694307490167,0.956144340546859,0.5430679010912921,-0.1473542712621329,Global
48,1.014927458273613,0.9403190662430762,0.8851753381612635,1.01544579120753,1.0189841952571388,0.8000339389443123,1.047604662616589,0.7684772857974591,0.8716626451666328,1.036423568652852,0.8283965531377488,1.0503947335024257,0.9420913226185015,1.162192465194747,1.029705645529989,0.9124883726000942,0.7788867530791133,1.0581973422515487,0.6684426292841504,0.6561594445196202,-0.15839987997902613,Global
49,2.0,2.0,2.0,2.0,2.0,2.0,2.0,0.0,0.0,2.0,0.0,2.0,2.0,2.0,2.0,2.0,0.0,2.0,2.0,2.0,-10.87570990471328,Good
50,0.0,0.0,2.0,2.0,0.0,0.0,0.0,0.0,2.0,2.0,0.0,2.0,2.0,0.0,2.0,0.0,2.0,0.0,0.0,0.0,-6.897533662350923,Good
51,2.0,0.0,0.0,0.0,0.0,0.0,2.0,0.0,0.0,0.0,0.0,0.0,0.0,2.0,0.0,0.0,2.0,0.0,0.0,2.0,-4.624290095286718,Good
52,0.0,2.0,0.0,2.0,0.0,2.0,2.0,2.0,0.0,0.0,0.0,0.0,2.0,0.0,0.0,0.0,2.0,2.0,2.0,0.0,-7.465844554116975,Good
53,0.0,0.0,0.0,2.0,2.0,0.0,0.0,0.0,2.0,2.0,2.0,0.0,0.0,0.0,0.0,2.0,0.0,2.0,0.0,2.0,-6.329222770584872,Good
54,1.215379791269246,0.8976376653859147,0.551058290757431,0.9198334386131871,1.0121336086435957,0.8609551992305119,1.1422592318427316,0.6952684554605013,1.0967501274755957,0.6734316305098028,0.8025462034121462,1.104331721976711,0.9294132541343914,1.1175017480809648,0.812793333873422,0.9108205735958727,1.1680181211987322,0.6886163192712741,0.9995141101950804,0.6802982752639007,-0.32677117551310253,Global
55,0.8707239080049446,0.9144394694696115,0.7111016465099492,0.9244992485566322,1.0077621968910286,1.0059145913552827,0.9944914560330695,0.7007732550527345,0.9189692691866497,0.636029358370348,0.7406405287682466,1.0090073605589285,0.8513118048070749,1.0885188169107909,0.7641160190494756,0.9658789941004631,0.8159564745101374,1.1709626343860058,1.0238992899038895,0.9271246197917208,-0.22753864444080132,Global
56,1.0568860336286146,0.7327233160764516,0.889126527351414,0.856689316059299,0.8590288087750096,0.7116119079940508,1.3794737111352795,0.7882016912669889,0.983065092280681,0.8875787664509098,0.5980302716261306,1.0396905030578578,0.6058649180415353,1.4411521978769137,0.6911732104177316,0.7072038931324848,1.0017154936115922,0.9754568792655479,0.6395131507154306,0.8051422494153896,-0.5407438614136783,Global
57,0.9428830124086703,0.5010396503270567,1.0315104815422826,1.0170069592470243,0.7009002535622286,0.9475016748075549,0.7091008783619571,1.2502892686844118,0.9604102134524862,1.0932991924811335,0.7777034101421656,1.1108942912918787,1.1064847801280766,0.9242565918938249,1.061940776471184,0.6887434778997449,0.9143134828719629,0.6988789758620834,0.6388977119848085,0.3870202731711145,-0.36951501788474306,Global
58,0.6398783408815573,0.9244450977778798,0.9124203850234104,0.9018136033927452,0.8836346371140387,0.9717263886569173,0.8208064422489862,0.7730496729307902,1.1834391872464822,0.8519281374371184,0.9755029683738646,0.9276683658674276,0.9139928590720593,1.2892720128424708,0.8037371389829779,0.8171575484052548,0.7220504421275824,0.3687267701710229,0.712623897305677,0.24536502091631404,-0.49738336022195867,Global
59,-10.0,10.0,-10.0,10.0,10.0,10.0,10.0,10.0,10.0,10.0,10.0,10.0,10.0,-10.0,10.0,-10.0,-10.0,10.0,-10.0,-10.0,-1188.2625382259023,Global
60,0.8832169043465542,0.871330628264762,1.0344842670393244,1.0987970372271643,1.021029641536604,0.9928511205815699,0.9125141214954527,0.909611535112899,1.0457989609818177,1.0611992283546547,0.9494513050894507,1.0071207084922074,1.024293214269793,0.9838877205818493,0.9330589005827178,1.04872974218935,0.94763852645039,1.0260124053313397,0.920895906752284,0.6071465481889841,-0.06111287002100056,Global
61,0.919181215973434,0.9079134906265918,1.0198182789571013,1.0276984691030373,0.9810258164619132,0.9813734224525306,0.9444957167909531,0.8805980487122254,0.9828082748526302,0.9362723891033047,0.9523252461597824,1.0107979698670522,0.9367198250747095,0.9641879404515683,0.9536867161981443,0.9424137262878322,1.005497434637429,1.0077694431987496,0.9584861614298329,0.5740204954941939,-0.044832267908998774,Global
62,1.0595668652750283,0.8954613754085659,1.0150666060645064,0.9644806139687202,0.9817799700752702,1.026984437262112,0.9755539123954334,0.869578918282135,1.0196859310278572,0.9822012872969542,0.9294304331747858,0.984705622912669,0.9863620174219748,1.0394295906706115,1.017648269571178,0.9820487201203041,1.0342802249186995,0.9253073958009704,0.8921315755681513,0.6264809197701061,-0.042175405062577574,Global
63,1.008995635198048,0.9099976967663802,1.075837444363216,0.9645943248685396,1.0266060132029748,1.0224728048859228,1.0264506383724927,0.9039368366795909,0.9986469927390399,0.999641721823004,1.0007741731766722,1.0687905977224503,1.0256004679443886,0.990836692456199,1.0153393610260812,1.005026947360765,1.031337094449121,0.9986412595303781,0.8891410373235262,0.7372009864730888,-0.026939951834190682,Global
64,0.9212409693768728,0.9008319578294913,1.1077256124080612,0.9654579306909783,0.9958644054036823,0.9951602682589259,0.9564646004961334,0.927128201509309,0.9508245559498774,0.9380607533686811,0.936445516278078,1.0736742881409866,1.0624597382988414,1.0869000636362192,0.9033090800514119,0.9394318069488627,1.0114277021069007,0.9545122760940903,0.9730756000354448,0.7147245175032189,-0.049204780826650925,Global
65,1.1042720904691234,0.8488416027656339,1.0427393057614347,0.9992003579681172,1.0220964066687166,1.0098796982552563,0.9261034442049183,0.9483944800711493,0.9854191815555245,1.0252867400122685,1.0122093005274384,1.0588074016019458,1.0117117960385975,1.0582671735778935,1.0433625544187546,0.9556149943382577,1.0639984161696963,0.9785709448406268,0.9803242022153161,0.8050716746872881,-0.03906343506823485,Global
66,1.0720276380466192,0.8306227792652956,1.149995200073867,0.9847521704834302,0.9495448777986993,0.9984158767767547,0.9733970050316386,0.8959759641802137,1.079796106888961,1.0230443815980752,0.8838092726414702,1.0914858491047446,0.987577014083556,0.926583551550213,1.069101309394366,1.0266135124895825,1.1135822560461428,0.9665995480427623,1.0674650141794568,0.7364837076097873,-0.07266570382847096,Global
67,0.982706541010145,0.9602974162019098,0.9892838863135449,0.9406122457184153,0.9130622853333675,0.9575760436357488,0.9634602298576994,1.0078228529345736,0.9747795717131749,1.0332866252820736,0.94594617730241,1.0708448752806108,1.0645851044769503,0.9254011361709314,1.0186772476338957,0.9019608840226451,1.0249939514740338,0.9860145357399144,0.9284175725550807,0.649555798253957,-0.034961252392298164,Global
68,0.9678751208280567,0.9693723746320775,1.1018895184313555,1.017052493436212,1.0110163482143701,0.9957043474675917,1.0284371894963664,0.92238390513067,0.9079032622742946,0.9660162909172423,1.0519397071045706,1.0082482532644048,0.9457987908965769,0.9483472146644517,1.0109525382342266,0.92104272810073,0.9152326934299864,0.9283673163723781,0.814286047426434,0.727156631043409,-0.0480363927003305,Global
69,1.105949564140061,0.9393305846888489,1.071673836895932,0.9801382417101356,0.8882243619679571,1.0199409231927894,0.9430415377391027,0.946033690503767,1.0026874219970847,0.9822309006831679,1.0578279540841753,1.1434918580791378,1.0531952832514668,1.0072461581446601,1.0021351698294874,0.9995751998859382,1.155985712282315,0.9803041605726079,0.929045780964081,0.680295664245984,-0.06602434577382371,Global
70,1.076180000455331,0.8240505730278067,1.0546505101392334,0.9110194540421358,1.0315116184220348,0.9330185725878745,0.906409307299419,0.9133119485458399,0.9378001687497536,1.050319609622103,0.880974359420207,1.1233304705170752,1.114003229091609,0.8177499972790884,1.0594992014282612,0.98551631684712,1.0913269785853073,1.0363332320211909,0.8765212035889715,0.817996212140728,-0.09065738207435023,Global
71,1.0150603832771927,1.0792934671098817,0.7899559021304601,1.0447683806217019,1.0978250683978177,0.9252900243569132,1.0668639803446702,0.9107386748531137,0.9670757599220604,1.0638282745051562,0.8541520057240108,1.140153574115002,0.9044887675948757,0.9993646483958507,0.9912153324019429,0.8793209321869302,0.9555738381416891,0.9358789656797168,0.9255728639877168,0.824780417823459,-0.07800595115304496,Global
72,0.9510407326611799,0.8730805006345198,0.9013810171737273,0.9977852076924689,1.0504879671360599,1.0407411197480185,0.9564177941938152,0.8168818903776026,0.9518569328838692,0.9954103408615617,1.0009947731310158,0.9966700336223439,1.0806603776989763,0.9855573083158861,1.1852206925185176,0.8885350666868159,0.9478134426571517,0.7620260437686022,0.9239144724221623,0.7187853964524934,-0.09390182948705056,Global
73,0.9790545289802522,0.8654816904333666,0.8554088913462472,1.050757315767905,1.1454218561283884,0.9334447255253373,1.1638156657302914,1.0008476370421062,1.0211235608300937,0.9709184994613553,0.9749584125309912,0.8633012804653936,0.8901668452540347,0.9837697806881024,0.8809615506996811,0.9020005193618097,1.0283480917391936,0.8156847395307343,0.9956468928980582,0.7682923026982121,-0.09249195420756258,Global
74,2.0,0.0,0.0,0.0,0.0,2.0,0.0,2.0,0.0,2.0,2.0,2.0,2.0,2.0,2.0,0.0,0.0,0.0,0.0,0.0,-7.465844554116974,Good
75,2.0,0.0,0.0,2.0,2.0,0.0,2.0,2.0,2.0,0.0,0.0,2.0,0.0,0.0,2.0,2.0,1.9999999999999996,0.0,2.0,0.0,-8.602466337649076,Good
76,0.0,2.0,2.0,0.0,0.0,2.0,0.0,0.0,2.0,0.0,0.0,0.0,0.0,2.0,0.0,0.0,0.0,0.0,2.0,0.0,-5.760911878818821,Good
77,1.0174575003052775,1.0026468304001446,0.8999049614124344,1.059587547292857,0.798426879346947,0.9206523313832058,0.937354891428022,1.1237389786497989,1.3523096725616588,0.8707540372109426,0.827312831101495,1.1128106154760533,1.148978346138588,1.006449113399056,0.9624841238994424,0.8055679324306931,0.8073129992170482,0.9238657504958783,0.6531290831550332,1.1226780686532696,-0.23159440442917428,Good
78,1.0425331343094664,1.0843184599753695,0.8808214132399351,0.7949321561852313,0.8383624397058087,0.9130834440953215,1.1495236549286287,0.7339813105574838,1.0673145950660958,0.8867234484383585,1.1584668640472233,0.9894866624362848,0.9529750583928137,0.8587000846216302,1.0130350394556302,0.8884887921522692,1.0758829648066213,1.0660788382692086,1.0514769831911193,1.1716125100787609,-0.13067991625081227,Good
79,0.9817427040802542,1.0430195891251526,0.9560713031411124,0.9198079879386126,0.9796057602994033,1.0791857720270968,0.9071015215640024,1.0499891510699555,0.9773269989432891,1.0331846914043865,0.8886148611558498,1.110050480756779,0.855190534462101,0.9081634873427109,1.0148028477123825,0.8725708335634911,0.9378128786092031,0.9715265292523132,0.9532892663676465,0.789861255778543,-0.05410486710921268,Global
80,0.9249488078765187,1.1060332362014482,0.9062187936446752,0.9562204568041718,1.0000926135626844,0.9947591234031803,1.012280617437892,0.8379373959142488,1.0596233518799774,1.0590246592063655,1.0174093796438368,0.9998319167526644,0.9530460523121632,1.0078376196250216,0.9766901755725951,0.785400946616646,0.8537668701526471,0.959352482647612,0.8091120686345792,0.9892193833461765,-0.07780865241165291,Global
81,0.9014866325118457,0.9795550888574284,0.9737109071542464,0.9507855829235875,1.0846300601417687,0.9935858072988559,1.2213886179901627,0.9614787795666346,0.9507578404512644,1.09144835130762,1.1578398038974338,0.9953197369542423,1.001382529591346,0.9435751353124664,1.039252329482013,1.0193883341767593,0.9588608912864189,0.9186403855580316,0.9621446450991742,0.9118201667713199,-0.07348836877823972,Global
82,1.0754363570463015,0.9065051506233861,0.88690480711264,0.8393316000883791,0.9881417276915286,1.1925103660815515,1.0512761796462562,1.0111768926808138,0.8632164017837266,0.9882625128447713,0.7738608868232701,0.9487988673436802,0.9080763194046714,1.104179594519688,1.031738675588222,0.8160801735942892,0.8437122525535201,0.7835006205105807,0.9768482579556392,0.7286521808443674,-0.14025173585362335,Global
83,1.1489715594153644,1.046526994365384,0.7796146915034551,0.9287618082290764,0.9036582073422257,1.0251811554229375,1.0078428715001055,1.0657639975627995,0.9548785964350988,0.7253887464243615,0.8204210932668086,0.9363538592764639,0.8462989794966078,1.0543473458390682,0.7236303261106813,0.8931318144464045,0.9052901604869249,0.9036799699873268,0.7799042482423791,0.7743223814225559,-0.17782128847295303,Global
84,0.9586169941971532,0.8631575334862837,0.8999351292369598,0.9738491475724955,0.9987512394913444,0.7919826129342235,1.0491399584742442,0.994438246375695,1.0707509528420536,1.105034493951174,1.083243815840531,1.0340935545147685,0.9508170149126909,1.0954886817567442,0.7866235854388491,0.8937809142051879,0.986808566484595,0.9885596994586174,1.0307692227813892,0.7938712443623491,-0.0803571165819906,Global
85,1.0795534235555915,0.7225323713852673,0.9284162255701749,0.9999808223850505,0.8633480959726831,0.942273658488518,0.9875664847019785,1.113774689415048,1.0582601103918516,0.8643918318968848,0.9235603311082871,0.7955649166772656,0.9536927307982332,0.8782277272492024,1.0062520754094333,0.9045353162369045,1.2231216484241356,1.0292706563369562,0.9923760171853336,0.9252944479285582,-0.12763006855232595,Global
86,1.1045006294932802,0.9384060527090068,1.028751889590994,1.0695425409661126,1.2915494341711948,0.837030067781742,0.9680850527044988,1.0042553632647668,1.15808532615952,1.090920902001144,1.0617489919589311,1.1553987103588914,0.9003999754768883,0.901072717668199,1.1220868543602758,0.8488851681737404,0.8871276292525903,0.8190628225270666,0.691894302741628,0.8988259620758589,-0.19790516905767233,Global
87,1.1006255337028221,0.8287700332633859,0.742546134505508,1.0484718464632898,1.082697973218031,0.9017865239553964,0.9395630841832583,0.696922173827759,0.8532955472823852,1.0162137243019986,1.1160844924350024,1.1230112661270557,1.031242722233089,0.9796360066542429,0.9326959125892919,0.6808287324523772,0.9069696868545264,1.1357480726917706,0.8313236644071808,0.9212055906078599,-0.184906904249089,Global
88,0.8900432798022774,1.2982293312450783,0.9986169923703274,0.9520380336706674,1.0609065879772066,1.1366826569124675,0.9155230708615795,0.8980883539645454,1.1254301804092672,0.7753071953864271,0.8475943202410375,0.9569014292245193,0.9952398528606115,1.1293632565154936,0.8848337072032151,0.8400095561181289,0.9012676983253226,1.0272219556048872,0.9080751072445563,0.8011551189497591,-0.167457605408479,Global
89,1.098898347713413,0.9834893858878062,1.0551957645659835,0.7733014292594186,1.1945192178460544,0.7734046800110846,1.0920526936884256,0.9919617852556938,1.1046109882548374,0.8097222022207163,1.0137017949215996,0.9152517738333564,1.1788919294497828,0.8362504139941415,1.0126886310087062,0.7205293851887445,0.8041227515206906,1.1143897691862936,0.9980118820836026,0.9662444436370277,-0.18757268144274802,Good
90,1.0844922429660557,0.982468447195102,1.0244323148813106,0.9758629943639585,1.0970936829602318,1.1522191882682549,1.045389324078487,0.9532644047052389,1.1469976859648148,0.9914200305942921,1.124158659480067,1.052849095707468,1.1028173400683627,0.8024617678647691,0.738307700532863,0.8787784209995444,1.1821393474722488,0.857269931825941,0.9787524994448712,1.0941136801144788,-0.13534617182056002,Good
91,0.9670324004735085,0.8520730396352394,1.2079199669944252,1.0277622724443374,0.9688712720792446,1.073583425340739,1.1354056725964337,1.2105340717827453,1.1500772871366853,1.1961458400048246,0.9213549101837886,1.01506719754046,0.9457923450499668,1.0451523282400037,1.0720636866486635,0.7035573880786712,1.0969203359493904,1.1856641463785498,0.7771655455003341,0.8362292082689128,-0.19881620235899022,Good
92,1.0836391172148658,1.0476645109192049,0.9060733230704102,1.161909126942037,0.89169206575945,0.8968151599104557,0.9878215653268161,0.8298864018400959,1.1241128044834536,0.8070609747548856,1.1506282844828215,0.9765275158612856,1.0596122046602356,0.9782835018829341,0.9784022108442432,1.05705884625296,0.9417074014742804,1.0136689017339036,1.0642558144644236,0.9088184564508649,-0.09666448502515537,Good
93,1.0512198626222133,0.8240398065323721,0.9201357815940682,0.9280235117673686,0.8312668662687442,1.0071521169831004,1.1518834241879752,0.9522911907434853,1.1017532245740755,1.0322571112860761,1.003243849369176,1.106284634599586,0.9960455231203506,0.8619374028140729,0.9614784772658104,0.9137026004938255,0.8665853987176589,0.9218131015766495,0.9669789713596044,0.9308595655953119,-0.08452765847737254,Good
94,1.0491149141131881,0.94184657870251,1.3489804705906427,0.8086294305802247,0.9395701601857859,1.124195693063249,1.1138055651135736,0.7588302518183554,0.8172285982577825,0.9918531857887546,1.0320599235532262,0.9877028054068127,0.9692976885474819,0.966535017503174,0.8617975299702321,0.7466546181749975,0.9972457055082611,1.1580406288266065,0.8489999482850731,1.1394130391694548,-0.211259103259617,Global
95,0.979740120215128,0.960479024131801,0.9037225828479403,1.0126585146277194,0.9340114668316386,0.7320798727362072,1.142455328218695,1.0154967819669802,0.9556012101994783,1.1153532442424074,0.925511935257783,1.1421063879918072,1.2552834086506346,1.07089728955195,0.8739279821481639,1.1000784556100867,1.2946508302518216,0.9500557754305708,0.7702625891238642,1.0992028736863897,-0.19985187730168905,Global
96,0.9116167902118082,1.2401807325372693,0.7845524928707207,0.9612787856022627,1.1684949289685207,0.9686895376017183,1.3251114588476642,0.8757629780874151,1.1835693837863952,1.0136797742191617,0.9646214863944357,1.1445885056991012,1.1427016698080257,1.024982646555904,1.0895921648756874,0.7355427161279986,1.1494658555352708,0.8559307511333604,0.5803273139189883,1.0118500080341326,-0.30264457031584696,Global
97,0.8943961701170059,0.7123221756491042,0.6422639309429553,0.8605133331339399,0.8714476356973699,0.8581810032586522,0.992890567004001,0.6812687022932812,0.9208394232345603,1.0553647442682335,0.9930369572045888,0.8260813442222857,0.8908728357440516,0.7609328744999584,1.032089222918036,0.7001885039912512,0.9857285002335305,1.032088408837361,1.1257599593313559,1.1285118850011353,-0.23451983661358008,Global
98,1.1555132795543592,0.9139242303736884,0.4248536954920862,0.9789944383244867,0.8507959638100692,0.4276324950356306,1.3370414246380475,0.8219498064205691,0.8909932070813913,0.7046138805840053,1.1806694686274362,0.7601445724331427,0.9178196983093221,0.8502555132631188,0.7691704775324933,0.783370283326656,1.2703520657201488,0.7553429534897029,0.8784027723747619,1.4211201275670107,-0.5016696868010704,Global
99,0.785001215995363,0.9443287204810086,0.7829470197351754,0.9297181159779,0.7727774358567172,0.9866541475232395,1.036303466514629,0.9103159937205176,0.9257636461799762,0.7679848756390606,1.0141115923357622,0.8125047335587687,0.8693788106921692,1.1303658083013282,0.45115244385665726,0.5601637241868245,0.6455536463672708,1.1364612982832063,0.7484113053170742,0.5775952527237839,-0.37321030249945064,Global
100,0.9890005137384715,0.8076020397645034,0.8316548381941715,0.9503012081534506,0.9469108446166764,0.7220448569082445,0.77385856960877,1.106241282580665,1.1256762692109006,0.8203525807663934,1.268827102087875,1.1581427665487862,1.1044645407447213,0.7464478078719298,1.1455160316659725,1.0446601402054387,1.0025307624529718,1.1607477963177022,0.8489839280225759,1.1320546007420735,-0.23582883493061074,Global
101,0.6705369797686569,1.0851461542025382,1.0249493566495396,1.066648646865325,0.9090195218235069,1.2813583657605228,1.0434114327552215,0.9446283221944769,1.157081904938311,0.9996454383084025,0.9193063791840915,1.0307163600731843,1.2268705483521236,0.7572632739226012,0.8555147303741506,0.8982473622603476,0.9118034970617727,0.8617136731357987,1.02919619602713,1.047678428076531,-0.262493297154439,Global
102,1.0419135586858,0.7989267715552205,0.9389962699851394,1.050432267892667,1.117082027603376,1.243298641279437,1.3716647938327355,1.1932955675760257,1.0432632076342614,0.7519089109179966,1.045830028910985,1.1535198540268181,1.020217639690815,1.2460572355734127,0.5881580377710434,0.8448271914017726,1.0682537564899521,1.0942075272630465,0.8071619943079985,0.7909692371657666,-0.33953557221972674,Global
103,1.0429401774512812,1.05527434037388,0.777072901472711,1.01306175907538,1.2358522177086035,1.122037810622912,1.23431962304885,0.8698297729720449,0.9976137511804034,0.9627257842788909,1.114176812981582,0.9898480124296113,0.9762304018598128,1.0249289625633498,0.6672271387358666,0.8609616600267304,1.3201748453391209,1.0320618799429357,0.9214939263404731,1.200865109076156,-0.23139826206123168,Global
104,0.8923313910308753,1.0480415363177689,0.8938846121937412,0.9416591479951655,1.035570151766611,0.8069741452729395,0.8892855719048594,0.9367220284868946,0.8719912826523931,0.8684288787585372,0.9946664518456707,0.9681420080160427,0.9904492614030389,0.9685893057973785,1.1028639140941825,0.9107143318494744,1.1610622691035108,0.7467756682048663,1.0047384064612692,1.2681671571832083,-0.1142683487102256,Good
