,x0,x1,x2,x3,x4,x5,x6,x7,x8,x9,x10,x11,x12,x13,x14,x15,x16,x17,x18,x19,Target,Hypothesis
0,-8.457358713466508,-9.958496101281197,-8.732703530147448,-8.502392234922777,-9.00298597539482,-9.550406708938304,-9.603874270480752,-8.478938575602083,-9.661778326874929,-9.82332037165198,-8.629280363264405,-8.093213307610126,-9.99210346734417,-8.975615473228446,-8.374758076695773,-8.774947866341224,-8.5564893651364,-9.416247863658734,-8.164451754974113,-8.570848433204619,-598.966608398301,Poor
1,-1.6573587134665082,-3.158496101281197,-1.9327035301474493,-1.7023922349227765,-2.202985975394819,-2.750406708938305,-2.803874270480752,-1.6789385756020827,-2.861778326874929,-3.0233203716519794,-1.8292803632644057,-1.293213307610127,-3.1921034673441713,-2.175615473228447,-1.5747580766957732,-1.9749478663412239,-1.756489365136401,-2.616247863658734,-1.3644517549741133,-1.770848433204619,-112.7188583833975,Weak
2,5.426412865334919,-9.58496101281197,2.672964698525508,4.976077650772236,-0.02985975394819107,-5.504067089383047,-6.03874270480752,5.210614243979174,-6.617783268749291,-8.233203716519794,3.7071963673559445,9.06786692389873,-9.92103467344171,0.24384526771553183,6.252419233042271,2.250521336587763,4.4351063486359905,-4.162478636587337,8.355482450258869,4.291515667953812,-332.8230743321121,Global
3,0.8508873602252258,-7.156599047969461,-2.533184798970616,3.4826723013269056,-1.1633365115400789,-1.3197201333341262,2.3553395693863433,0.2627648510878178,3.007943638629344,2.0207790680908886,6.1044639366549305,0.43294304787268345,8.172977616173366,-3.6152782202290945,-8.190813014581853,-3.985998867275933,-7.720312762729005,6.573626526153532,-9.062073612215006,2.5257429662278508,-134.96361911218688,Global
4,0.9517231183848711,6.385739913401373,-6.021049206423754,7.137006049154664,-2.9669472113582422,5.0929538305971445,-4.080765862406426,7.678729591223725,-3.4897672433550238,-6.69968204561703,-2.1494151210682544,-8.130792508826994,6.422113156738568,-6.976959607148723,-2.317711026156008,8.885214244776023,9.752509498037444,-0.873909058104319,6.522456876854797,-4.972517315858813,-285.9042928536534,Global
5,-3.0889271292486664,-1.2706920143298566,-2.215145554485339,-2.8794591425916467,-2.5220580552918133,-2.173385320188195,-2.9229713818866774,-2.8067063509508907,-1.3682061905490521,-1.454894819656023,-2.9553957841317633,-2.642004189194866,-1.9288313165941797,-2.6804927045372775,-3.1958322424728403,-1.7975708667543577,-2.813842852473167,-2.550088913349152,-2.6321271289790653,-2.8952616041948156,-130.98173979882316,Weak
6,-8.572586680616563,-8.0,-10.0,-10.0,-10.0,-8.0,-8.0,-10.0,-8.0,-8.0,-10.0,-10.0,-8.0,-10.0,-10.0,-10.0,-10.0,-8.0,-8.277270801506175,-10.0,-879.3181505214857,Poor
7,-8.737634100262504,-8.314855042503511,-9.165888332873891,-8.424275473045673,-9.101808442979543,-8.942700988767854,-8.733470431099805,-8.735690852907032,-8.595077682947846,-8.948899930921641,-8.558194640661657,-9.67101684264677,-8.727341239857338,-9.606028077732804,-9.292259384645424,-9.830538935226391,-8.221443333912001,-9.867036094713827,-9.932784197603466,-8.163513464921504,-593.3949809670897,Poor
8,-2.448318989676629,-1.2013644644343686,-3.084310781770741,-1.8893359484102714,-1.7322860392283934,-3.120605721570887,-2.363465489420175,-2.4235387162868447,-1.8249450445635833,-1.7688775491572728,-2.8460872343331873,-2.6784594135722597,-1.5810247658844012,-2.952654156020526,-1.8212734718726835,-2.1040001881996178,-2.690713044376191,-2.939826509055279,-2.157751711525272,-2.20678457563454,-124.75238130101638,Weak
9,-1.585365576752361,-3.2,-1.8954121069834717,-1.6539441118251959,-2.2019465697235945,-2.7634426983908407,-2.809625513286997,-1.6194054741744803,-2.941801857990161,-3.1111729580766925,-1.763493989594268,-1.210536379863281,-3.2,-2.138672273922499,-1.508284994986107,-1.9786048443544584,-1.6952095679156134,-2.6112210997308756,-1.2985608958210448,-1.718593702387858,-108.75609116562892,Weak
10,-2.41171795470769,-2.749223802415229,-2.4222059446240425,-1.9281653463070818,-2.2348305536303785,-1.910048460165438,-1.4839596489853075,-2.4929600981615874,-2.7544659679361967,-2.683605629578386,-2.1621085181461974,-1.3870070454452947,-3.0667400536077025,-1.410279040996787,-1.4911724007659937,-2.458239087882136,-1.987889008659841,-2.651688359282084,-1.5318451842744616,-1.5873131828481521,-119.66744963315047,Weak
11,-2.1143676189447396,-3.085041901229843,-2.2798725313918213,-1.4389172622880484,-2.8220625043148457,-2.839466491036224,-2.5588578937641038,-2.198568573827644,-2.091309441284073,-2.5975000070416954,-1.2558749948601622,-1.422044860442818,-3.1366910797515146,-1.965451890214362,-1.8597765950744016,-2.9018028189107077,-2.7064633134987934,-2.6027552354039685,-1.8989036247506315,-3.0613129866283,-126.37169382786395,Weak
12,-1.5711910083142022,-3.1999688763112166,-1.9038378735093424,-1.6590790283664991,-2.2128546198466204,-2.744424431997757,-2.7900696614653535,-1.6066948416054698,-2.933144668967598,-3.102281077929952,-1.7472898619076673,-1.201855216454416,-3.1999978570376224,-2.12147522142528,-1.5196967292755352,-1.986934550136786,-1.698345990302692,-2.618268796599875,-1.2870947673655944,-1.7293009797973757,-108.70370190490134,Weak
13,-1.8884155100244588,-2.3202925930380216,-2.5079969065736276,-1.701282560361066,-1.4637926300322295,-2.5217023230602833,-3.1710046330800408,-1.9608865634200714,-2.1361167941569783,-3.1428416293234176,-2.7076117244141127,-1.2380652403549466,-2.0370868910974123,-1.635713722349269,-1.6789780710574265,-1.4461576814481307,-1.2348528573226876,-2.306214905657366,-2.030246822560671,-2.221640497246249,-107.7661560215589,Weak
14,-2.315981526868603,-2.426837328610212,-1.9854065245944212,-1.6417585943614654,-1.4486100308383687,-2.9009441465872507,-3.102137063520754,-2.1180963315668686,-2.6965646780659718,-2.895256449669318,-2.6562914840746297,-2.7123345225335815,-1.5252950983889915,-1.4115549628738187,-1.5424705735984907,-1.7276640160471752,-1.5683715243329532,-3.199818252280428,-1.5553179845749747,-2.079500947788291,-113.04607044353804,Weak
15,-1.9257453681482664,-1.7379759867841054,-1.5410903475956148,-1.7230551309171172,-1.4302932970344149,-3.0920265407468683,-1.6597579893805603,-1.837685521885313,-1.8775157784131506,-2.9688195481339807,-2.2574174083120297,-1.6562630338290105,-1.8797370811862968,-2.064718204814917,-2.1616072024172266,-1.541367860309057,-1.3175752812127093,-2.0650794201532445,-1.6864454562968962,-2.2749881928124123,-97.1465033730809,Weak
16,-1.7645160177381185,-1.3420055428992044,-1.5082793175847213,-1.7316635089698178,-1.6224694895214995,-2.800928174639247,-2.2020277616253683,-1.7127951553173089,-1.6012249808452073,-3.068748385988622,-2.853488325169767,-2.517081434792453,-2.7403382257760316,-2.6367271932316156,-2.9497594728674956,-1.3936863508715391,-1.23693252888087,-2.2437600849866195,-1.4067343717002956,-1.348660424281438,-105.97868619671242,Weak
17,-1.9877339586140939,-2.5768779243133837,-3.1345983707921246,-1.8840594680051683,-1.925358081889766,-2.8969048802316895,-3.0118976667232165,-1.385309478139311,-2.3179514800952012,-2.685794870094444,-2.6099686204541968,-1.5231585822472873,-1.603477735736833,-2.6987323297170667,-1.917231727045869,-1.5324918008773383,-2.0981372789738764,-1.2391771958720397,-1.9127531222513279,-2.1476290406354748,-115.07451885560769,Weak
18,-2.079803031300001,-1.5319418199435593,-1.73312757343397,-1.949813899486939,-1.6180236105118884,-3.058328632137024,-1.4301209251962028,-1.4940186071706356,-2.4575245121227356,-2.942141802577747,-2.115026255530471,-1.615322987576882,-2.063289682929038,-1.3483011386440065,-2.7459485025599104,-2.1811137838286827,-1.3684039431689017,-1.9905203816165913,-2.7870312499640453,-2.960496113639941,-105.44143736534976,Weak
19,-1.8916383968292496,-2.0757869943284417,-1.865990891162769,-3.1172224822910573,-1.5902200398071167,-2.90743162343842,-1.674838401369419,-1.5708796224980672,-3.0694933270462794,-2.8253917634155905,-2.6855968088042452,-1.4404672657166644,-1.7440190733261094,-1.6308159428878255,-3.173297720670865,-1.7322788771304791,-1.8034860342006342,-1.7808866415377476,-2.4622980913936616,-3.013085353678796,-110.10623855898146,Weak
20,-2.6512721563998713,-1.5662700076760439,-1.6227702147619418,-2.0634894968887467,-1.6305428118926577,-2.374154788671458,-1.4076010519689186,-2.477491596075711,-1.8403289315240556,-3.189216780267794,-1.572329099020922,-1.6005413979086454,-2.5532513226357034,-2.686920371966722,-2.816096270295954,-1.8391081826404378,-1.2571152878091751,-1.775931590171375,-1.2139849278950237,-2.9283410148789364,-102.74899219373874,Weak
21,-1.4005846227584517,-1.7131635718695373,-2.0638866101810684,-1.429881888486465,-1.2218187912782739,-3.1977567346869993,-2.9291588265294513,-1.2626822194969924,-1.5681183007139219,-2.390633863551251,-2.317533986275011,-1.3826783684909791,-1.5480233271606814,-1.568065540635824,-1.594452941961667,-1.935577936566418,-1.3538568888173224,-1.7777776903195528,-1.2805907230125568,-1.570418064046218,-82.30265144983171,Weak
22,-2.711739656898752,-1.4738291553602147,-2.239525917862383,-3.16575129247519,-1.467872162432855,-1.2515051713859777,-2.4053824997218953,-2.1446089206014016,-1.4667177570064795,-2.20354523271544,-3.174023935123663,-3.108749745348721,-2.8414717256055453,-2.9073193384733687,-2.3435691649944994,-2.3379389094619887,-1.9704262098669616,-2.802358434776769,-3.1457286767432278,-3.197646151581874,-125.3334267904661,Weak
23,-1.4060789711827641,-1.683357252549998,-1.9919833863903886,-1.4339143987302014,-1.2071597246758727,-3.2,-2.835921915414565,-1.2758726999672447,-1.5673512706102182,-2.4406503207322916,-2.301585074561357,-1.3796910434516103,-1.5622929512215402,-1.5735133464142501,-1.6365548775096137,-1.907069670069779,-1.3079453444637752,-1.7790861067040298,-1.2834849785240465,-1.5971222486280654,-82.01383151183119,Weak
24,-1.3665744006336518,-1.6590353565321918,-1.9737691638845198,-1.4090048591794158,-1.2000000000000002,-3.2,-2.8510061742779507,-1.2397127027338364,-1.535597557693826,-2.426922118697788,-2.2873693856829633,-1.349154818823316,-1.5325279235962643,-1.542093473563875,-1.6114715213340989,-1.9139644555424802,-1.2794400493667568,-1.7521193039238931,-1.2484164015963606,-1.5638697472397565,-79.94069809852108,Weak
25,-1.363704820195439,-1.669137915945312,-1.999027942463529,-1.4069773180906475,-1.2051737625853036,-3.199140410311628,-2.8845903543307347,-1.2341918382464498,-1.5351143347245944,-2.408715837097119,-2.292715201351827,-1.3494929134546458,-1.5266885314133325,-1.5394465940661355,-1.5957957251377755,-1.9242891517562764,-1.2952115551921974,-1.751026697659435,-1.2465690819899482,-1.5535922134254825,-80.00418824404416,Weak
26,-1.3650279832176477,-1.6597298930389972,-1.9846369725605648,-1.4111936092688049,-1.2000000000000002,-3.2,-2.878249700998809,-1.2326620450400445,-1.541107407323731,-2.425190172547798,-2.294740550725105,-1.3552300799636676,-1.5428956921656494,-1.5365104990480545,-1.618720263879945,-1.9217368237842545,-1.2797152534198806,-1.7528539388109228,-1.2492984971595222,-1.5541123392636027,-80.13838180151467,Weak
27,-1.3631937252748798,-1.6751768105810556,-1.9861180197551938,-1.4052064136362274,-1.2000000000000002,-3.2,-2.852747578903598,-1.2594025938314402,-1.5294099825108076,-2.4117171279854817,-2.2851276559376,-1.3453839595169619,-1.5251490544216617,-1.5377212462490915,-1.603735519904398,-1.9278219952066977,-1.2944750234322442,-1.7445455108086798,-1.2460961468130878,-1.559420789765088,-80.02071738186119,Weak
28,-1.2000000000000002,-1.4882194950150645,-1.8009504102301017,-1.2734463520435575,-1.2000000000000002,-3.2,-2.790959589878492,-1.2000000000000002,-1.3586688745112712,-2.402858785225835,-2.180606130554715,-1.2000000000000002,-1.3184325047336523,-1.4329163621094458,-1.422350416905388,-1.8475033402098162,-1.2000000000000002,-1.6367458398513193,-1.2000000000000002,-1.4641629092363724,-70.12176176864695,Weak
29,-1.2000000000000002,-1.2827127060415586,-1.6296477350061669,-1.2000000000000002,-1.2000000000000002,-3.2,-2.811606133600244,-1.2000000000000002,-1.214554594530603,-2.418443605847311,-2.0969502398066986,-1.2000000000000002,-1.2000000000000002,-1.316802660001777,-1.2546925194405263,-1.756775076886849,-1.2000000000000002,-1.5378739320275692,-1.2000000000000002,-1.3456556391263421,-63.786381967296194,Weak
30,-1.2000000000000002,-1.2000000000000002,-1.4350760521862014,-1.2000000000000002,-1.2000000000000002,-3.2,-2.8421747150266143,-1.2000000000000002,-1.2000000000000002,-2.444207393701251,-1.9937371343867318,-1.2000000000000002,-1.2000000000000002,-1.2000000000000002,-1.2000000000000002,-1.6467513009906891,-1.2000000000000002,-1.4132480721128786,-1.2000000000000002,-1.2030853583523324,-59.70750361102186,Weak
31,-1.2000000000000002,-1.2000000000000002,-1.2000000000000002,-1.2000000000000002,-1.2000000000000002,-3.2,-2.8782941666312443,-1.2000000000000002,-1.2000000000000002,-2.4586651205807595,-1.8355922206840471,-1.2000000000000002,-1.2000000000000002,-1.2000000000000002,-1.2000000000000002,-1.4786870322404537,-1.2000000000000002,-1.2371236124354055,-1.2000000000000002,-1.2000000000000002,-55.990398171853954,Weak
32,-1.2000000000000002,-1.2000000000000002,-1.2000000000000002,-1.2000000000000002,-1.2000000000000002,-3.2,-2.951211384486507,-1.2000000000000002,-1.2000000000000002,-2.446810308886714,-1.6256446110191969,-1.2000000000000002,-1.2000000000000002,-1.2119795877294215,-1.2000000000000002,-1.2799273620148062,-1.2000000000000002,-1.2000000000000002,-1.2000000000000002,-1.2302325495552935,-53.53233439238259,Weak
33,-1.2000000000000002,-1.2000000000000002,-1.2000000000000002,-1.2000000000000002,-1.2000000000000002,-3.2,-3.028389251487322,-1.2000000000000002,-1.2000000000000002,-2.429857271623557,-1.3462580709558574,-1.2000000000000002,-1.2000000000000002,-1.2000000000000002,-1.2000000000000002,-1.2000000000000002,-1.2000000000000002,-1.2000000000000002,-1.2000000000000002,-1.2078539868330782,-51.40641564641364,Weak
34,-1.2000000000000002,-1.2000000000000002,-1.2000000000000002,-1.2000000000000002,-1.2000000000000002,-3.2,-3.145310198963665,-1.2000000000000002,-1.2000000000000002,-2.422854134585408,-1.2000000000000002,-1.2000000000000002,-1.2000000000000002,-1.2000000000000002,-1.2000000000000002,-1.2722799198036203,-1.2000000000000002,-1.2000000000000002,-1.2000000000000002,-1.2000000000000002,-50.57891235521428,Weak
35,-1.2000000000000002,-1.2000000000000002,-1.2000000000000002,-1.2000000000000002,-1.2000000000000002,-3.2,-3.2,-1.2000000000000002,-1.2000000000000002,-2.5096475388989066,-1.2000000000000002,-1.2000000000000002,-1.2000000000000002,-1.2000000000000002,-1.2000000000000002,-1.259057050678261,-1.2000000000000002,-1.2000000000000002,-1.2000000000000002,-1.2000000000000002,-50.50739068885023,Weak
36,-1.2000000000000002,-1.2000000000000002,-1.2000000000000002,-1.2000000000000002,-1.2000000000000002,-3.2,-3.2,-1.2000000000000002,-1.2000000000000002,-2.4561126280385595,-1.2000000000000002,-1.2000000000000002,-1.2000000000000002,-1.2000000000000002,-1.2000000000000002,-1.2000000000000002,-1.2000000000000002,-1.2000000000000002,-1.2000000000000002,-1.2000000000000002,-50.12358780377561,Weak
37,-1.2000000000000002,-1.2000000000000002,-1.2000000000000002,-1.2000000000000002,-1.2000000000000002,-3.2,-3.2,-1.2000000000000002,-1.2000000000000002,-2.2368268924706967,-1.2000000000000002,-1.2000000000000002,-1.2000000000000002,-1.2000000000000002,-1.2000000000000002,-1.2000000000000002,-1.2000000000000002,-1.2000000000000002,-1.2000000000000002,-1.2000000000000002,-49.26216225775096,Weak
38,-1.2000000000000002,-1.2000000000000002,-1.2000000000000002,-1.2000000000000002,-1.2000000000000002,-3.2,-3.2,-1.2000000000000002,-1.2000000000000002,-1.8370524812428148,-1.2000000000000002,-1.2000000000000002,-1.2000000000000002,-1.2000000000000002,-1.2000000000000002,-1.2000000000000002,-1.2000000000000002,-1.2000000000000002,-1.2000000000000002,-1.2000000000000002,-47.030488032764865,Weak
39,-1.2000000000000002,-1.2000000000000002,-1.2000000000000002,-1.2000000000000002,-1.2000000000000002,-3.2,-3.2,-1.2000000000000002,-1.2000000000000002,-1.3141995032928262,-1.2000000000000002,-1.2000000000000002,-1.2000000000000002,-1.2000000000000002,-1.2000000000000002,-1.2000000000000002,-1.2000000000000002,-1.2000000000000002,-1.2000000000000002,-1.2000000000000002,-44.180470084133205,Weak
40,-1.2000000000000002,-1.2000000000000002,-1.2000000000000002,-1.2000000000000002,-1.2000000000000002,-3.2,-3.2,-1.2000000000000002,-1.2000000000000002,-1.2000000000000002,-1.2000000000000002,-1.2000000000000002,-1.2000000000000002,-1.2000000000000002,-1.2000000000000002,-1.2000000000000002,-1.2000000000000002,-1.2000000000000002,-1.2000000000000002,-1.2000000000000002,-43.705924521575966,Weak
41,-1.2000000000000002,-1.2000000000000002,-1.2000000000000002,-1.2000000000000002,-1.2000000000000002,-3.162770662852142,-3.2,-1.2000000000000002,-1.2000000000000002,-1.2000000000000002,-1.2000000000000002,-1.2000000000000002,-1.2000000000000002,-1.2000000000000002,-1.2000000000000002,-1.2000000000000002,-1.2000000000000002,-1.2000000000000002,-1.2000000000000002,-1.2000000000000002,-43.89134783804525,Weak
42,-1.2000000000000002,-3.2,-1.2000000000000002,-1.2000000000000002,-1.2000000000000002,-1.2000000000000002,-1.2000000000000002,-3.2,-3.2,-1.2000000000000002,-1.2000000000000002,-3.2,-1.2000000000000002,-1.2000000000000002,-3.2,-1.2000000000000002,-3.2,-1.2000000000000002,-1.2000000000000002,-3.2,-67.0079392825967,Weak
43,-1.2000000000000002,-3.2,-1.2000000000000002,-1.2000000000000002,-1.2000000000000002,-1.2000000000000002,-1.2000000000000002,-3.2,-3.2,-1.2000000000000002,-1.2000000000000002,-3.2,-1.2000000000000002,-1.2000000000000002,-3.076688529439612,-1.2000000000000002,-3.2,-1.2000000000000002,-1.2000000000000002,-3.2,-67.57054083865204,Weak
44,-1.2000000000000002,-1.2000000000000002,-1.2000000000000002,-1.2000000000000002,-1.2052066326464252,-3.2,-3.2,-1.2000000000000002,-1.2000000000000002,-1.2000000000000002,-1.2000000000000002,-1.2000000000000002,-1.2000000000000002,-1.2000000000000002,-1.2000000000000002,-1.2000000000000002,-1.2000000000000002,-1.2000000000000002,-1.2000000000000002,-1.2000000000000002,-43.72605508843476,Weak
45,-1.2000000000000002,-1.2000000000000002,-1.2000000000000002,-1.2000000000000002,-1.2000000000000002,-3.2,-3.2,-1.200000000002759,-1.2000000000000002,-1.2000000000000002,-1.2000000000000002,-1.2000000000000002,-1.2000000000000002,-1.2000000000000002,-1.2000000000022024,-1.2000000000000002,-1.2000000000000002,-1.2000000000000002,-1.2000000000000002,-1.2000000000000002,-43.70592452159507,Weak
46,-1.2000000000000002,-1.2000000000000002,-1.2000000019812882,-1.2000000000000028,-1.2000000000000015,-3.199999994282948,-3.199999994282948,-1.2000000000000002,-1.2000000000000002,-1.2000000000000002,-1.2000000000000002,-1.2000000000000002,-1.2000000000000002,-1.2000000000000015,-1.2000000000000002,-1.2000000000000002,-1.2000000000000002,-1.2000000000000002,-1.2000000000000002,-1.2000000000000002,-43.70592458809925,Weak
47,-1.2000000005647886,-1.2000000000000002,-1.2000000006750637,-1.2000000000720026,-1.2000000002759144,-3.2,-3.2,-1.2000000000000002,-1.200000000322533,-1.2000000025464208,-1.200000000515879,-1.2000000002148106,-1.200000000064396,-1.2000000002777034,-1.2000000000000002,-1.200000000433873,-1.2000000000000002,-1.2000000003624218,-1.2000000004369218,-1.2000000000496962,-43.70592454751971,Weak
48,-1.2000000000000008,-1.2000000000000002,-1.2000000000000002,-1.2000000000000002,-1.2000000000000002,-3.199999999914923,-3.2,-1.2000000000000002,-1.2000000000000002,-1.200000000086575,-1.2000000000000002,-1.2000000000000002,-1.2000000000000002,-1.2000000000000002,-1.2000000000069393,-1.2000000000000026,-1.2000000000000002,-1.2000000000000002,-1.2000000000000013,-1.2000000000000002,-43.70592452237441,Weak
49,-0.6880661382180742,-0.9319106285063066,-0.6112989901770369,-0.6157055641240889,-0.7809654600688474,-4.055962050105925,-3.9756888967980526,-0.9629939366026762,-1.0969179701411886,-0.8683478555137347,-0.8497102104143425,-0.8533945036476803,-0.5167394740673033,-0.8317171718625469,-0.8152484568789581,-0.6266734120809583,-0.9061514315326529,-0.8842089500614767,-0.6925605463716465,-1.0411635432268602,-15.355869917871157,Global
50,-0.38326684660676025,-0.8042797422349733,-0.39154269316312196,-0.24766758047581083,-0.5934988324595644,-4.238244733017896,-4.23130343729142,-0.8350360502203458,-1.1504504935242719,-0.803224619994747,-0.7457129684360139,-0.6579500296517489,-0.13297379702581752,-0.6172151758380625,-0.6020050395457888,-0.4666738231496508,-0.7793947090583716,-0.7531964462884807,-0.3402515170605476,-1.0169826405858493,-10.860519960231784,Global
51,-0.30520344885712425,-0.7639030403420772,-0.33568038804372236,-0.1294782738948686,-0.5735096792746609,-4.2932363602638395,-4.298255608568204,-0.8356273411798468,-1.228395919712655,-0.8428730371185882,-0.7291489214440658,-0.6173342880456432,-0.02265791693411655,-0.550328262724308,-0.5668632107502402,-0.4300434538762423,-0.7461192261069125,-0.7263451675496421,-0.21523593348130507,-1.03163322169266,-10.819314184836816,Global
52,-0.3088332078258552,-0.8049860371547474,-0.35434315877019446,-0.20614140160152566,-0.4911215725549955,-4.2887331380003815,-4.286388457852254,-0.7037822645238675,-1.025722521357066,-0.7582923174039817,-0.7306145634021874,-0.566094402140685,-0.043771344575156836,-0.5804145028063742,-0.4874234689778987,-0.41896732311236384,-0.743919005255556,-0.6926810701438048,-0.32490207859112147,-1.0014656928509784,-9.637603205500607,Global
53,-0.24997443246140155,-0.892379082458475,-0.35944094919687913,-0.29496186118016515,-0.34025372322506936,-4.425883704778086,-4.413453602410981,-0.36194257067453406,-0.6363796272856326,-0.8808996388910444,-0.780221214979551,-0.34524449174445826,0.027875091487762096,-0.5458842858919468,-0.21654144686235235,-0.3772639344940794,-0.6629038863119614,-0.5800406866066583,-0.45187317946869227,-1.011635957406135,-9.235057858994637,Global
54,-0.1947717524296105,-0.8304829995718542,-0.34286148317003234,-0.1810428474237534,-0.2274509576040605,-4.322075002288772,-4.277759733975344,-0.44791990708696483,-0.7220131522177387,-0.5362174275907008,-0.6761080867851925,-0.49574145287589,0.0957928784268807,-0.6010199608742836,-0.37374939570454235,-0.3016351337242587,-0.7500592018281595,-0.5507120654944041,-0.41145702232050585,-0.9386250710591038,-8.101265595312997,Global
55,-0.12589253187703559,-0.8012277221325902,-0.38247897700751377,-0.14128140697513958,-0.09665515720766833,-4.350580945889809,-4.216574548437915,-0.41643512581100506,-0.6790470206844235,-0.4411727305747801,-0.6512488329073128,-0.621491273622546,0.2231618766634836,-0.6450435328295329,-0.4907557807951507,-0.22079439515990248,-0.8745242694854454,-0.4745480144136416,-0.44316608863750373,-0.9019240080157095,-8.264205477487351,Global
56,-0.2157540853529505,-0.8728952742773914,-0.3086261902909503,-0.06808847803235045,-0.1084917829184738,-4.242866964757999,-4.222573132429818,-0.4416271697107894,-0.6601925320712422,-0.33694535719007895,-0.5726458011659765,-0.4281102199819492,0.06444593864067545,-0.635784517418465,-0.33087151640447243,-0.22162406344201935,-0.645432609759528,-0.4738521162271926,-0.41175580534338213,-0.8891480207403732,-7.603071167756698,Global
57,-0.24296946891154322,-0.8701706209056458,-0.3114691538046559,0.024411004638070676,-0.09980338927733948,-4.261114581772014,-4.22596628676275,-0.5348303395600329,-0.6552012324782654,-0.3038529460496569,-0.5689566170559683,-0.41470138069774587,0.03277713055008998,-0.6995040001104827,-0.3504042474152727,-0.13632667556253925,-0.5568391391526157,-0.44234340214612844,-0.44591705540533083,-0.9070848702600814,-7.651617605802706,Global
58,-0.31325631135285864,-0.8999068261654605,-0.26962112501843977,-0.0456614336037067,-0.031853537691459065,-4.225220464945967,-4.211341767111426,-0.4720754545626484,-0.6898845123693466,-0.26932295000121736,-0.5342302188650146,-0.42005898950022186,0.0012581538303903775,-0.6084515799012873,-0.3322321192364019,-0.21843722784929298,-0.6387743972464377,-0.44712361549080387,-0.3810773166423063,-0.8438213028674624,-7.68628756096124,Global
59,-0.13562726251843404,-0.9371758229170805,-0.31084037970571576,-0.013102607116190924,-0.1766124778107283,-4.174534435301508,-4.131782395815275,-0.44317904243351913,-0.6571845158606324,-0.2637639219689474,-0.46519137929000814,-0.39235850035382636,0.0578859476343042,-0.6835143384850861,-0.35018385204229935,-0.20993082489661244,-0.5868455971518757,-0.46455416390785326,-0.4116677373439743,-0.8528986842822269,-7.735963476589939,Global
60,-0.22633659544372783,-0.7128745115218758,-0.3607962714937712,-0.06638873168027495,-0.022805467684942453,-4.042149949741721,-4.204293420679436,-0.44171197447569627,-0.6101559996358931,-0.24950714462705242,-0.5859724494785169,-0.4420126823557906,0.10950576081382812,-0.6633704210222858,-0.21173316562140024,-0.20964752860015032,-0.5611246775770405,-0.48362945288919224,-0.389240439425197,-1.0027284025933407,-7.635020891180771,Global
61,-0.1810142168974803,-0.819793060393463,-0.3274611052990424,0.02033361042174441,-0.05295330588746704,-4.130802454831614,-4.265953983210671,-0.35174893204090846,-0.6684285928876338,-0.24609123428430849,-0.6509210397714353,-0.373975524591451,0.02856570880940574,-0.6673332735895043,-0.2716527963118965,-0.22207152078542322,-0.6206598973229197,-0.473944420807037,-0.4692817250249356,-0.9251464731871422,-7.644894003856438,Global
62,-0.21308375179985473,-0.8143329066462898,-0.28252600555263907,-0.06432446093868545,-0.052598821285366276,-4.18756197832399,-4.2097511274160855,-0.47540856035885926,-0.5534990533210034,-0.22723621377108008,-0.6303367892764696,-0.4146234056545267,0.14368056748439095,-0.628518347275026,-0.2529518720478743,-0.20404491639979044,-0.5980292854416257,-0.5168561839525004,-0.4157035415323311,-0.9220839614987416,-7.423236217356324,Global
63,-0.18071367158363633,-0.822452370268136,-0.25633674401995843,-0.0774873299973448,-0.05501712403249236,-4.1469936030740575,-4.285775966940751,-0.5559057158288041,-0.5509867462699859,-0.20461097234619843,-0.648441032406477,-0.38003921916933187,0.16619667877138214,-0.5868143784160051,-0.3140954782300602,-0.20115920205512053,-0.5507007905149769,-0.5573889184873988,-0.41134936350021883,-0.9168896984478535,-7.490734710930632,Global
64,-0.2856094057641995,-0.7617651321047391,-0.2493710032448735,-0.012066072783477346,-0.12924345915936483,-4.249301417118016,-4.189091501544924,-0.49829143959351613,-0.4862811414126791,-0.17629080176930467,-0.6096256981110644,-0.4217458353791167,0.15385743566819524,-0.6371836364123804,-0.22650699920831172,-0.18962335153485008,-0.5954169230699903,-0.5818542845531142,-0.42196885127908357,-0.8543966597545484,-7.372628095840027,Global
65,-0.24527156335033667,-0.7444241993304019,-0.2720122993837646,-0.08364645644738188,-0.16151046271837902,-4.261144078814709,-4.196247293535378,-0.4850439669972465,-0.4935354622355243,-0.14509630041238936,-0.6558221150656957,-0.34639922726248346,0.10860747378356318,-0.5916475293348724,-0.21786455032012117,-0.17145174045405936,-0.6266220529232935,-0.5555400143617525,-0.3831260813452167,-0.8733564898551548,-7.275809189560212,Global
66,-0.24465653845291177,-0.6930062470141876,-0.27927382258648376,-0.12049653609568595,-0.15352994085131635,-4.302798815154259,-4.189184971196351,-0.5054227296844033,-0.5412678147677895,-0.11974399621564756,-0.6825856857278212,-0.2914037696197792,0.10998752607253234,-0.7212221932408226,-0.21582866773325993,-0.11952848670346261,-0.6419286474303363,-0.532109080278644,-0.31172539280477385,-0.8726794291238891,-7.437447825777419,Global
67,-0.20151219693747224,-0.7249639745027442,-0.24371354977677753,-0.058793831514387794,-0.2297710729391833,-4.3006319065678245,-4.191850178890614,-0.4932771582440364,-0.44190302528235315,-0.07733081965896574,-0.6251136992299757,-0.4708186794646534,0.03668918377596141,-0.4947017902084632,-0.21080386109735186,-0.11167272857230856,-0.6226031102575925,-0.5071660769650256,-0.39203329056531827,-0.9805584257473695,-7.145855273452143,Global
68,-0.1741748144677008,-0.6771562036183041,-0.251723487806047,-0.06830598826779292,-0.19354850460576703,-4.303897465710134,-4.235847084366081,-0.5203180898754416,-0.45194101295151123,-0.07862847640266353,-0.6106825296152228,-0.44859255963326305,-0.038133396180068134,-0.48652205342411003,-0.1906245268018276,-0.13875241762561905,-0.6083751534271101,-0.5298653556945643,-0.3924142987035266,-0.9361673427026836,-7.0182134023080165,Global
69,-0.04213681447004432,-0.6503560641100572,-0.2874507319944361,-0.03716450597102658,-0.1218500272234837,-4.337443719864607,-4.209533134422949,-0.6024221660626028,-0.43473924811431897,-0.11684480148711414,-0.5912507323074977,-0.47262491813264057,-0.1195118492737726,-0.49293856941727887,-0.0844953249665508,-0.21114312880415714,-0.6768702230788369,-0.530356610735711,-0.4232591007874648,-0.8878633505196774,-7.092914235063559,Global
70,-0.038408808196247333,-0.576890084341637,-0.2855714289391833,-0.1652550781745336,-0.056758189459538554,-4.432465428902566,-4.132070574239764,-0.41826763990021404,-0.48653790057021534,-0.04526559117498898,-0.6196136363843482,-0.5288583441001954,-0.12008735677703998,-0.43065741482791214,-0.21393545317133142,-0.11818984951770663,-0.3933734833875074,-0.619198670360712,-0.43631229946741845,-0.8367408169091607,-7.229738500829644,Global
71,-0.10877055687212966,-0.5866417719955666,-0.2038278268284664,-0.12259042096574925,-0.10376623695814909,-4.3793708212141205,-4.2626596378405806,-0.5233406194438371,-0.38321026333151015,-0.09492030974454331,-0.50351297722894,-0.41912235754858573,-0.11914397884219331,-0.5075260806301105,-0.25034382504453506,-0.23544259526543693,-0.5671631046699489,-0.5388295904007339,-0.4470247127067269,-0.9750284574506984,-6.929798640605442,Global
72,-0.10798185373585725,-0.5907699775919298,-0.14318924523414278,-0.1337933894808818,-0.13224624933388446,-4.3251619272218695,-4.2510005698057,-0.46343852279227793,-0.35937082631251693,-0.09508337481878654,-0.5667719508991066,-0.45231479309134764,-0.12982562381843232,-0.4823848498570002,-0.2509744770281135,-0.18789921461116635,-0.5658712157581566,-0.47578447695558457,-0.4563504020649782,-0.8876247767118517,-6.7405287087311185,Global
73,-0.09789564279782142,-0.545790448078554,-0.04554232084555929,-0.17925480600377494,-0.2058746480010712,-4.264846999589919,-4.250867358552563,-0.4868423156372123,-0.39217955260261894,-0.10451699768280369,-0.5873490558962128,-0.4878436239040439,-0.12159001290199059,-0.539508024374228,-0.22447838937811454,-0.2635237729982472,-0.49399849914213867,-0.2987969994270907,-0.5037332949772619,-0.7988748685551729,-6.638584661775523,Global
74,-0.09840967342195603,-0.4837542347490467,-0.05622562603605328,-0.17868313072695277,-0.19770421750671224,-4.271021712254499,-4.214807932563684,-0.5187007888079314,-0.29762081471211077,-0.143302991560217,-0.6833804328287603,-0.5107671240637532,-0.17357775689817487,-0.5381677500029707,-0.24489093672761164,-0.304939693219042,-0.5220285747780358,-0.3818194870600823,-0.47363045036150897,-0.8293814820303462,-6.753751830971494,Global
75,-0.08604186546296264,-0.4889993956314543,0.014780330894725354,-0.2420839043139275,-0.17002241693059042,-4.234341397639095,-4.262253237758325,-0.49801221451302957,-0.4557355185066011,-0.15189471920885078,-0.5527678554856971,-0.44967701781609076,-0.10759549701618083,-0.49622453944108763,-0.17237613672377716,-0.12697050698246534,-0.5708195730951874,-0.37884331018061923,-0.5943335488667965,-0.7843355767795649,-6.6823394267437735,Global
76,-0.10893056941866947,-0.5980650066873807,-0.11246885419404491,-0.2273587360249677,-0.2125670748691889,-4.259508978541282,-4.3116905955028555,-0.4978414531173238,-0.32856151398899064,-0.0950424663613028,-0.5339978672446829,-0.5070697943372457,-0.12848867875556227,-0.5544635825113182,-0.2079375531198156,-0.1800683776114622,-0.5201470613230215,-0.3085901956947948,-0.5697628397121693,-0.7703281343292582,-6.7687126556496535,Global
77,-0.04238218741178878,-0.48909123998445253,0.024688447135011234,-0.07784927169854279,-0.17770301563143645,-4.284823236509847,-4.2692216192047665,-0.4616450181725725,-0.4266732315705201,-0.13125926128209575,-0.6023475807370868,-0.4125656683869694,-0.10149077153199527,-0.4773354199757555,-0.19671144260038195,-0.2289672683593414,-0.5430933261756344,-0.3300049721563973,-0.4912780651146673,-0.7749693587699876,-6.535536529329522,Global
78,-0.040486094594666726,-0.42435495085122743,0.07191419419556078,-0.06998049216450977,-0.16414511233480877,-4.299623182997511,-4.340799693611919,-0.4575928838188718,-0.4148688532961812,-0.1186321016494909,-0.5876470614974816,-0.38898741590707886,-0.10292193871666439,-0.4377509728005525,-0.1957553072773985,-0.19174916405454392,-0.5271361892034644,-0.2728530222483155,-0.4495540353815593,-0.8117724804127916,-6.516398825710821,Global
79,0.006996720394438271,-0.4431577625430612,0.03618165993142529,-0.08573210225527308,-0.1179025035022615,-4.271258663666815,-4.285448024777548,-0.4938205316546964,-0.39748755071678166,-0.16056703152805074,-0.5487489563959391,-0.38461898968274466,-0.08024891643242452,-0.4272349185850194,-0.180517585336849,-0.17062292565285941,-0.5629064158653136,-0.3200731383707039,-0.4515659493374362,-0.7752641945828996,-6.3841039530749,Global
80,0.03968387843024367,-0.37868977151504923,0.01049182369063378,-0.06018098520798884,-0.1212339415316787,-4.245671315885331,-4.2476503761426505,-0.5473139715087316,-0.31047598515117125,-0.2351246992913522,-0.44081687320381696,-0.36350836967444866,-0.010066926817325529,-0.33278503530602815,-0.23916309652590653,-0.15634180315603147,-0.5162258626805153,-0.22703966856937086,-0.32473436708266923,-0.7412494842900099,-6.123134800933301,Global
81,0.036776576974681334,-0.28585618561818243,-0.00820982766739175,-0.04016527259552844,-0.1239740691678771,-4.23995671738565,-4.1858643835130085,-0.5755119915352676,-0.20966034247358398,-0.26996213599527613,-0.4001646509190608,-0.34008535739184026,0.0447408863597831,-0.28950785994453937,-0.2754768455271601,-0.08843483834918646,-0.4665178568392189,-0.12978746192829854,-0.3307831281449812,-0.706045528634878,-6.083005308474739,Global
82,0.05593492945216574,-0.31183652118741595,-0.01965487233943925,-0.0861500689753034,-0.10044234783970528,-4.248577893768696,-4.163783958848918,-0.5771777608752843,-0.23786132934911267,-0.3233794839920002,-0.4020873583224699,-0.35565401127067786,-0.025435106822696573,-0.2950034558326023,-0.27653534949171915,-0.1160961449088312,-0.4988085931025948,-0.1326881971316992,-0.2954084672417707,-0.6653555779267216,-6.132023199861695,Global
83,0.1138924334733553,-0.26486146246296904,-0.007974928811086305,-0.05929700320374955,-0.11987700492178081,-4.216498743875968,-4.170800641065402,-0.5572511718194724,-0.21850461534688523,-0.15913930835478657,-0.3225427738857999,-0.3369166290758936,0.11368940934427435,-0.251242902245926,-0.27160260733565633,-0.07347309985756541,-0.5168998699363274,-0.14563169742524382,-0.30073160865738957,-0.7221061143550411,-6.016819904382339,Global
84,0.10264032839510229,-0.23569842620164827,0.036437410321401235,-0.024834578681093334,-0.07150853189228797,-4.2253921955206355,-4.112999241929701,-0.5543939686781971,-0.24235364840113777,-0.1298778898441128,-0.34746943403432856,-0.34958545319478135,0.09435762635492784,-0.18668597168832252,-0.27848726165539167,-0.08994554942252961,-0.5474876802692308,-0.09586348248177827,-0.2830845304656895,-0.703235497482333,-6.153203679044995,Global
85,0.22651617331686738,-0.2578542545397355,-0.041703615153455935,-0.11413529158796336,-0.177365000702337,-4.1417391050283445,-4.208700456527918,-0.5140743067593755,-0.1637507014028011,-0.20846604243109768,-0.3221605080489967,-0.34609616736214693,0.09434839088588368,-0.31229515450798795,-0.27439606645566667,-0.054586420367074916,-0.47666487084901943,-0.1266767495050309,-0.31584643389963973,-0.6867748167240472,-5.94185909104164,Global
86,0.2691740549194265,-0.20995764040628148,-0.019777951805491474,-0.12315986414149797,-0.20588511301245452,-4.13780504542515,-4.191889665014445,-0.488506511240153,-0.12745933197491363,-0.19138847727711467,-0.26556209194728575,-0.30710657531362295,0.11910242487206149,-0.2973239106488646,-0.27324183886880676,-0.03160059138897196,-0.45206496954765524,-0.12398836883522761,-0.22174651133666373,-0.6586439631543572,-5.85849972213688,Global
87,0.272984032474693,-0.18553745329286775,0.07030930338520062,-0.1603698893718164,-0.25459099256954393,-4.135181595605479,-4.177624772334784,-0.46717868532990103,-0.019475471907584262,-0.18636818114467354,-0.20946183633551538,-0.28217991959102573,0.1320723183003602,-0.3271771571326316,-0.20998101528422103,-0.026251793704954802,-0.3672026840639458,-0.15748507348477214,-0.14716803837437348,-0.6146910063548124,-5.820608277827197,Global
88,0.28672393493511433,-0.18533268143749376,0.09649903549722891,-0.1412466630917933,-0.20751015543023826,-4.150841733306382,-4.227867055070197,-0.4762281193587261,-0.08429809697507726,-0.1876046653594922,-0.2303694850912623,-0.273796892895843,0.16933550838613282,-0.3153925786152149,-0.21716492101119794,-0.013672344264963849,-0.4137843527486489,-0.17257787593330953,-0.10377344171384978,-0.6168056218001375,-5.754520403375787,Global
89,0.2801733894590046,-0.18458466516641492,0.12780864065958158,-0.11730136460024439,-0.13794564374300847,-4.136832429789874,-4.254457659883874,-0.46635352357855014,-0.05961273373516626,-0.2170170232953466,-0.22205225864335978,-0.25893260686601033,0.16703017168863418,-0.3697853774590318,-0.21273803566515181,0.03538425309664506,-0.4511448151434076,-0.1496560864588629,-0.06531068042271693,-0.6295284566862871,-5.808048522140043,Global
90,0.3537753859442882,-0.13063485057103524,0.16741899927570403,-0.131833845619381,-0.23478106124497855,-4.1915576153738066,-4.238047884206758,-0.5086258749485351,-0.07782613638654472,-0.20693336863302467,-0.2447006916130072,-0.2946837506272923,0.2723944691856111,-0.2892580983179943,-0.25005245748394056,-0.027532127738798543,-0.3750160720298992,-0.15821545080304664,-0.10114319463870237,-0.5702818686119753,-5.64995476560843,Global
91,0.43820414568302846,-0.14555648772444077,0.17509745328045265,-0.14202719626791505,-0.20839513126036693,-4.2204243979124705,-4.1911959722458825,-0.579599565874061,-0.05263580714669593,-0.26014356334062566,-0.1845916632642175,-0.2718362972493031,0.3528005808321163,-0.3061401430074601,-0.2722604753333506,-0.013261139127138628,-0.3633098630277584,-0.15067854981298748,-0.10005064342797218,-0.554360567949708,-5.637279014502387,Global
92,0.46991682855579736,-0.07774706339010344,0.24861133025844823,-0.1927642448715483,-0.27127441000201824,-4.21041130306759,-4.2049150797679244,-0.5716357797131414,-0.008148692434205676,-0.2667603313589031,-0.19155567779007224,-0.27646444697814976,0.35654094737197634,-0.25751914609092913,-0.3556460722990252,-0.013104187754576647,-0.37516994588109304,-0.17865632054338754,-0.09538122067073503,-0.5885072207093003,-5.626816807910482,Global
93,0.49221076523107454,-0.03511791660920407,0.22731478930687915,-0.15586440596748577,-0.2798868937002713,-4.233188181778526,-4.2332057222146435,-0.5643720456067712,0.001466169314942907,-0.25375859956896557,-0.2058018693384327,-0.27215539058332167,0.36071423032774297,-0.2855964891934042,-0.3573331812132074,0.014589152737237944,-0.34090580579414304,-0.16876000391214366,-0.05979762386349743,-0.496965818991541,-5.571947408538654,Global
94,0.5497447265179655,-0.005306890579411749,0.20527746116591836,-0.14165296611121553,-0.2927864215559888,-4.257434878838552,-4.291703276350628,-0.6345628707574793,0.034431718725063544,-0.2917712956371918,-0.18421725687643997,-0.2748607767877613,0.33572754397360405,-0.3335596315826168,-0.409055593853944,0.009792325047859554,-0.33856437244631815,-0.18636027440994965,-0.08684602444097361,-0.4114862387956404,-5.6575935051612944,Global
95,0.5717056454354548,-0.04601535676051095,0.24009056245961136,-0.1303065626138585,-0.2575485181491434,-4.266175680810777,-4.198342017760496,-0.5319110432664786,0.025045997791900663,-0.2324521212081431,-0.2202415944958191,-0.2645773349812769,0.404952815653278,-0.27654302227292166,-0.3993896676556879,0.11474413294071374,-0.31643819408015716,-0.12263220856275706,0.011998722642279774,-0.49316172061193075,-5.513272213685881,Global
96,0.549947988948315,-0.03911040087222147,0.23680225441490815,-0.12653195628604097,-0.2869388678321998,-4.294732999061476,-4.17658470087841,-0.5113480651235448,0.05478081714020101,-0.19949546438058077,-0.27290036642483745,-0.32750670807505605,0.3969194707402823,-0.25745194423445716,-0.36695889890557576,0.21017530065199738,-0.2708815296949842,-0.13834831518022153,-0.01070085478062838,-0.46047528964150847,-5.557036163513781,Global
97,0.5843995086051917,-0.045793784607340196,0.2711110574026071,-0.12166528043918659,-0.21579211861053516,-4.3353777485497575,-4.18390007534133,-0.4685266193718058,0.0024487123385859262,-0.15546895941789388,-0.21430489607801673,-0.2231934847993529,0.3578255120390035,-0.26812918499015576,-0.38081141887172476,0.10362097769713562,-0.3104069984022311,-0.10876872627629432,0.021573684215189574,-0.5169089647238616,-5.546475261791135,Global
98,0.6180958585043573,-0.03831390048155788,0.24328160155076886,-0.11124343465869434,-0.2608224287452809,-4.2409701620895,-4.249480000491366,-0.5541546795407845,0.07160050927461888,-0.17601560534177238,-0.20785243065107548,-0.2521187721792684,0.37701797721217456,-0.22192192122508156,-0.4411598591937783,0.1602147718826961,-0.27428721266450584,-0.1339974253195216,0.09397970805714494,-0.4999740325182176,-5.477670134216981,Global
99,0.6349269218060988,-0.07294440087747166,0.21799981221082226,-0.0961013227401846,-0.27626862803625096,-4.220109729285178,-4.21252246901005,-0.5570175832199302,0.07307079876025867,-0.20333394601213345,-0.25849621372010506,-0.24734046340318674,0.3920815967414092,-0.15795830357858112,-0.41501370047705494,0.1435254470321851,-0.19536823914801515,-0.1617251900204576,0.10544208599586086,-0.4713108211092077,-5.4653055065709975,Global
100,0.6194904671640868,-0.0248344244374655,0.24880154410704686,-0.07727224214194163,-0.2818102305750042,-4.236405482261559,-4.258160259517673,-0.5605799812339537,0.09996493822886765,-0.20453019834126793,-0.25819437022103164,-0.2030504079245755,0.40523563701501497,-0.14935699472841493,-0.41822083073693334,0.1146582854298351,-0.19218698074854096,-0.1393687179868924,0.09629260858697124,-0.4732933003334247,-5.461830134547073,Global
101,0.6621394496951553,-0.03435927084677111,0.25988610997359507,-0.1856298240425486,-0.2550530241048519,-4.2297575430131795,-4.258501243625133,-0.5150514155050642,0.10417241167099942,-0.1963735430377113,-0.20899518066120282,-0.21963275341946759,0.3846726151991668,-0.2154714168389536,-0.43879350390231414,0.10614934187715892,-0.21287871163413855,-0.1227856169101665,0.06814193946711808,-0.485175168422176,-5.4138899838262775,Global
102,0.702895527713028,-0.04665404960511258,0.24174827464946477,-0.23557831666954848,-0.18438650496288,-4.262822620868281,-4.27376368200595,-0.5085193427339176,0.20152932729777745,-0.17423684516992252,-0.16801534805652138,-0.21271743087139985,0.5028847845067158,-0.13614375687315974,-0.4596834527232856,0.08888770347864582,-0.13451101790034026,-0.03572075275089352,0.15143704957598791,-0.39770975473391224,-5.37123052600831,Global
103,0.7442548566874224,-0.013071813102450518,0.21377735990425537,-0.249559964099208,-0.15353934637742297,-4.19703903788806,-4.261016806507906,-0.4668989004501847,0.1595976368452294,-0.09345486807393756,-0.2947078796706351,-0.21171725105460293,0.48948239403188487,-0.13811806424779988,-0.4561336995975437,0.12078770293010703,-0.1782783121349819,-0.027663019970924244,0.10912128459440348,-0.411792022278187,-5.353035593128912,Global
104,0.7360429706868068,-0.04893970055872167,0.2956860398636585,-0.2873340307154948,-0.12036076478857767,-4.16651391971773,-4.209590667227717,-0.4629439786035258,0.1757001384019906,-0.15928860124959174,-0.23583955465442524,-0.15024175125314523,0.4832519071639019,-0.12839398774965918,-0.4655002270597054,0.09990620150334303,-0.16761494058965903,-0.07289752146811877,0.08774687306756826,-0.4028779964976988,-5.391251166704486,Global
